# Created by Octave 3.8.0, Mon Oct 05 15:28:54 2015 BRT <marcelomtoledo@Marcelos-MacBook-Pro.local>
# name: mlps
# type: matrix
# rows: 1
# columns: 20
 0.0185217149534 0.0156397201861 0.0175820597082 0.0165070816303 0.015643044479 0.0159179220811 0.015322374948 0.0168181043367 0.0149954615924 0.014850178706 0.0180631832139 0.0159660144643 0.0155740934024 0.0162807325052 0.0152348704588 0.017138179515 0.0148092026699 0.0179403291702 0.0182530342691 0.0169750336058


# name: verrs
# type: matrix
# rows: 1
# columns: 20
 0.015377677178 0.0126285356007 0.0121338856298 0.0121684072788 0.0125528125888 0.0128235533261 0.0127827508222 0.012526616655 0.0122734083517 0.0133394426294 0.012654777715 0.0129810892863 0.0121735027175 0.0139734044928 0.0132989939031 0.0131584684666 0.0135492595539 0.0125768576046 0.012317156991 0.0133929278468


# name: ensenbles
# type: matrix
# rows: 1
# columns: 20
 0.0172629654728 0.0143144886157 0.0140703184477 0.0146769582479 0.0133784357815 0.0135990038458 0.0127802050073 0.014610330188 0.0128897379511 0.012689149419 0.0148721988078 0.0138509497462 0.0128835962567 0.0143078852381 0.0137898622015 0.0146613895703 0.0127884839582 0.0149553262361 0.015634040003 0.0148833435334


