# Created by Octave 3.8.0, Mon Oct 05 18:25:26 2015 BRT <marcelomtoledo@Marcelos-MacBook-Pro.local>
# name: c4
# type: scalar
1


# name: b4
# type: matrix
# rows: 6
# columns: 1
 0.02381781042563171
 0.06201474071161555
 0.10885019096843
 0.1411828592000667
 0.1522095938607116
 0.007647054001464704


# name: e4
# type: scalar
0.01740784803592227


# name: s4
# type: matrix
# rows: 75
# columns: 1
 0.004399472063352398
 0.007699076110866696
 0.0321161460624725
 0.003959524857017158
 0.001319841619005719
 0.01473823141223053
 0
 0.01341838979322481
 0.01495820501539815
 0.001759788825340959
 0.03277606687197536
 0.002199736031676199
 0.01253849538055433
 0.02793664760228773
 0.03079630444346678
 0.0004399472063352398
 0.0002199736031676199
 0.01385833699956005
 0.001979762428508579
 0.02265728112626485
 0
 0.01891772987241531
 0.06819181698196217
 0
 0.003299604047514298
 0.001979762428508579
 0.0002199736031676199
 0.001539815222173339
 0.09590849098108227
 0.01451825780906291
 0.01055873295204575
 0.003959524857017158
 0.003079630444346678
 0
 0.05125384953805543
 0.02529696436427629
 0.009898812142542894
 0.08732952045754509
 0.0008798944126704796
 0.001319841619005719
 0.003739551253849538
 0.001539815222173339
 0.003739551253849538
 0.004839419269687638
 0.009458864936207656
 0.003299604047514298
 0.0004399472063352398
 0.01517817861856577
 0.0002199736031676199
 0
 0.05807303123625165
 0.0343158820941487
 0.001319841619005719
 0.005499340079190497
 0.0002199736031676199
 0.02133743950725913
 0
 0.0002199736031676199
 0.004179498460184778
 0.1198856137263528
 0.04025516937967444
 0.026616805983282
 0
 0.006599208095028597
 0.001539815222173339
 0.03937527496700396
 0.0008798944126704796
 0.002859656841179059
 0.001979762428508579
 0.009458864936207656
 0.001759788825340959
 0.008358996920369555
 0.002419709634843819
 0.001759788825340959
 0.001099868015838099


# name: m4
# type: matrix
# rows: 75
# columns: 1
 0.009905757384038576
 0.007819744633711302
 0.01719293035587943
 0.0149131783081824
 0.01028473679272562
 0.01152494725980007
 0.007696991399251178
 0.01167086228247229
 0.01043825662378144
 0.009798255741420937
 0.01174191967043172
 0.008247624613075377
 0.01035166942420516
 0.02101295780254547
 0.01542399204580564
 0.007702230688830068
 0.007732899082603875
 0.04276129149481916
 0.008341571526485082
 0.01473823048331725
 0.007686716038914181
 0.01594332503352033
 0.01979483180818047
 0.007700181628469211
 0.01288096914041569
 0.008326562094801777
 0.00787205668039671
 0.008346984127436808
 0.08432213066408925
 0.009747541880373535
 0.03424191809042543
 0.01173103910646287
 0.009745118343074219
 0.007785474163005954
 0.07883177714128037
 0.01431660108828774
 0.01004246444750339
 0.02788009801635789
 0.008124047648298693
 0.008370829841117393
 0.009841535956581172
 0.008219439526763623
 0.008640020335076586
 0.008497831230280667
 0.007979808448164153
 0.008597600193165229
 0.007747305327231272
 0.008767823166442156
 0.007778361829475017
 0.008156625161676865
 0.01827199354176004
 0.01916842497367397
 0.007741689507458764
 0.01075341365910721
 0.007771444448572175
 0.05343161017552474
 0.007691752109672289
 0.007947662476851202
 0.01295657947850376
 0.03529264416291936
 0.0166994603418168
 0.03171704468332408
 0.00785001275804792
 0.01240118152775288
 0.008608260956936191
 0.01913276907499648
 0.008552393880200222
 0.008518573129646951
 0.008524651015545625
 0.008393567168640162
 0.008377639146148044
 0.01407336069662
 0.008556450515197669
 0.008237555783642795
 0.009899557313429445


