# Created by Octave 3.8.0, Mon Oct 05 18:25:20 2015 BRT <marcelomtoledo@Marcelos-MacBook-Pro.local>
# name: c3
# type: scalar
4


# name: b3
# type: matrix
# rows: 6
# columns: 1
 0.06064156927171815
 0.1224840648119906
 0.1839092196764563
 0.2551874566770195
 0.3939660355229188
 0.003972628818092327


# name: e3
# type: scalar
0.06112963913418606


# name: s3
# type: matrix
# rows: 76
# columns: 1
 0.0006599208095028596
 0.01231852177738671
 0
 0.007919049714034315
 0.03013638363396393
 0.0409150901891773
 0.001319841619005719
 0.002639683238011439
 0.006599208095028597
 0.004179498460184778
 0.002419709634843819
 0.0004399472063352398
 0.0002199736031676199
 0.01583809942806863
 0.009898812142542894
 0.001099868015838099
 0.0002199736031676199
 0.0008798944126704796
 0.009898812142542894
 0.0002199736031676199
 0
 0.01121865376154861
 0.002859656841179059
 0.0006599208095028596
 0.01011878574571051
 0.001759788825340959
 0.001759788825340959
 0.003959524857017158
 0.008358996920369555
 0.001539815222173339
 0.0002199736031676199
 0.0002199736031676199
 0.01187857457105147
 0.01187857457105147
 0.4359876814782226
 0
 0.0002199736031676199
 0.0006599208095028596
 0
 0.0008798944126704796
 0.008578970523537175
 0.0008798944126704796
 0
 0.005939287285525737
 0.01363836339639243
 0.01297844258688957
 0.007699076110866696
 0.001319841619005719
 0.0004399472063352398
 0.0008798944126704796
 0.0310162780466344
 0.003079630444346678
 0.01869775626924769
 0.02771667399912011
 0.01627804663440387
 0.002199736031676199
 0.03299604047514298
 0
 0.08139023317201936
 0.001979762428508579
 0.03343598768147822
 0.01297844258688957
 0.0002199736031676199
 0.001319841619005719
 0.003079630444346678
 0.002419709634843819
 0.0002199736031676199
 0.006159260888693356
 0.003519577650681918
 0.001979762428508579
 0.07611086669599648
 0.009238891333040036
 0.8534975802903652
 0.0002199736031676199
 0.006379234491860977
 0


# name: m3
# type: matrix
# rows: 76
# columns: 1
 0.004801480225551873
 0.01428331501989978
 0.004082558040623166
 0.005218778356367538
 0.01792127573466737
 0.03405667790537484
 0.005859255011866056
 0.005410025408006896
 0.01026376869418985
 0.007329145533325494
 0.01166316422893572
 0.005978440335250548
 0.004716308568354176
 0.09743950063226642
 0.03168738499367584
 0.006823471440056307
 0.004506532538513769
 0.004072630490946405
 0.03168738499367584
 0.004326956899013839
 0.00425463772050455
 0.01252502121458102
 0.005217401677347163
 0.005049927268387312
 0.01194506860640724
 0.006061783812766182
 0.006414160862823258
 0.01165612552487723
 0.0173564614200857
 0.004736329772970393
 0.00448502086273561
 0.005169967648459324
 0.0086710339903675
 0.00988441689363298
 0.1106748445320299
 0.00457049443783346
 0.004172896335878915
 0.004172896335878915
 0.00420208757914003
 0.004523111709679658
 0.007108554876264376
 0.00886139783317454
 0.004111841087816486
 0.03727142894200085
 0.007479203550004006
 0.006444365757882996
 0.01031596181722357
 0.005681504115255005
 0.004142368711847701
 0.005106073012433921
 0.02141695479071273
 0.01200129325656669
 0.01412778174219722
 0.1301978907074736
 0.04211868350948757
 0.012386067433963
 0.03806998051962341
 0.004099746120159941
 0.03714069732406484
 0.005084870292592115
 0.08002608708161293
 0.01013977464429049
 0.004626481114653575
 0.005746166726877788
 0.02007916059123446
 0.01244156525094303
 0.004055706583488062
 0.009901956051624632
 0.01297382783634001
 0.004673587909850678
 0.04432243369438484
 0.006250259801168636
 0.4673532701537284
 0.004028763322420752
 0.0523233694969129
 0.003985968362586766


