# Created by Octave 3.8.0, Mon Oct 05 18:25:33 2015 BRT <marcelomtoledo@Marcelos-MacBook-Pro.local>
# name: c9
# type: scalar
8


# name: b9
# type: matrix
# rows: 6
# columns: 1
 0.07091408393769681
 0.1092675447787795
 0.1162684513564974
 0.1559373871795671
 0.2064889571757194
 0.008795346789688612


# name: e9
# type: scalar
0.04797675355274076


# name: s9
# type: matrix
# rows: 75
# columns: 1
 0.0354157501099868
 0.002419709634843819
 0.03299604047514298
 0.005939287285525737
 0.002639683238011439
 0.003299604047514298
 0.0008798944126704796
 0.001539815222173339
 0.5235371755389353
 0.0006599208095028596
 0.0002199736031676199
 0.02067751869775627
 0
 0.002859656841179059
 0.003519577650681918
 0.0006599208095028596
 0.002639683238011439
 0.002199736031676199
 0.01077870655521337
 0.0620325560932688
 0.01649802023757149
 0.0002199736031676199
 0.007259128904531456
 0.0008798944126704796
 0
 0.003079630444346678
 0.01077870655521337
 0.001979762428508579
 0.0431148262208535
 0.01385833699956005
 0.001099868015838099
 0
 0.01825780906291245
 0.01385833699956005
 0.001979762428508579
 0.0004399472063352398
 0.001099868015838099
 0.009238891333040036
 0.0332160140783106
 0.001099868015838099
 0.003299604047514298
 0
 0.007919049714034315
 0.01495820501539815
 0.001319841619005719
 0
 0.001319841619005719
 0.006379234491860977
 0.007039155301363837
 0.0002199736031676199
 0
 0
 0
 0.001319841619005719
 0.0004399472063352398
 0.0008798944126704796
 0.01363836339639243
 0.003959524857017158
 0.1031676198856137
 0.5444346678398592
 0.03695556533216014
 0.003959524857017158
 0.001759788825340959
 0.004179498460184778
 0.0996480422349318
 0.002199736031676199
 0.009678838539375276
 0.0008798944126704796
 0.01165860096788385
 0.0002199736031676199
 0.01121865376154861
 0
 0.004179498460184778
 0.06093268807743071
 0.001539815222173339


# name: m9
# type: matrix
# rows: 75
# columns: 1
 0.02222190748173817
 0.01105587644479208
 0.02062124070098787
 0.01359562383924603
 0.02568063864238736
 0.01010893571885167
 0.009440212609803815
 0.01022869118494165
 0.1266739350348465
 0.01086884318717277
 0.009230606877723613
 0.01267709075465199
 0.00915541892183013
 0.01308422982554987
 0.009235846659155399
 0.009391541578348116
 0.01046940347658644
 0.009683124603155277
 0.01115463926585728
 0.06586433247459419
 0.0156783533551684
 0.008970105104177456
 0.01249157203057057
 0.01026350074430614
 0.009123420216880354
 0.01154432388396174
 0.01469337432073954
 0.009636023731549618
 0.03113593659468147
 0.0285754319532997
 0.009584313352490909
 0.009027989363974203
 0.01362788916733521
 0.0285754319532997
 0.01108471557821245
 0.01088930237200698
 0.009186365717455408
 0.01591270216172968
 0.07260959305883209
 0.0103278675997298
 0.01000605671381626
 0.009388028065237315
 0.01137653426606516
 0.01224306189172613
 0.01012985421642104
 0.01455752492876294
 0.01040896838406017
 0.01934530935595643
 0.0155523590805079
 0.009513840210208121
 0.008980371237569621
 0.00901461628910011
 0.008845248125174152
 0.01004017356479367
 0.009054974344785267
 0.01000965701997506
 0.02799355408002
 0.01040432799928032
 0.04671425500284322
 0.5272367894498848
 0.01624035145871549
 0.0152309141194249
 0.01944978783251685
 0.01222525051647615
 0.04641091161676762
 0.01145710902185169
 0.03022958511090151
 0.009152715318963622
 0.0111262788712413
 0.008836522006427327
 0.01199438775533364
 0.008935802995251022
 0.01570606191682469
 0.04139600098222104
 0.01076620791566387


