# Created by Octave 3.8.0, Mon Oct 05 18:24:05 2015 BRT <marcelomtoledo@Marcelos-MacBook-Pro.local>
# name: c1
# type: scalar
4


# name: b1
# type: matrix
# rows: 6
# columns: 1
 0.07506742979902085
 0.07594049349213763
 0.08066247387436204
 0.07017576086720531
 0.09444310850155409
 0.007668464264674012


# name: e1
# type: scalar
0.02112362595539899


# name: s1
# type: matrix
# rows: 76
# columns: 1
 0.001099868015838099
 0.002199736031676199
 0.03123625164980202
 0.0006599208095028596
 0.0006599208095028596
 0.0004399472063352398
 0.008358996920369555
 0.002859656841179059
 0.001319841619005719
 0.003299604047514298
 0.01605807303123625
 0.0006599208095028596
 0.02705675318961724
 0.002199736031676199
 0.0004399472063352398
 0.0008798944126704796
 0.009458864936207656
 0.0004399472063352398
 0.001759788825340959
 0.03497580290365156
 0.0004399472063352398
 0.153321601407831
 0.0002199736031676199
 0.01979762428508579
 0.005719313682358117
 0.005499340079190497
 0.0002199736031676199
 0
 0.01473823141223053
 0.009678838539375276
 0.05983282006159261
 0.01385833699956005
 0.0008798944126704796
 0.0004399472063352398
 0.005059392872855257
 0.0354157501099868
 0.005059392872855257
 0.005939287285525737
 0.002639683238011439
 0.0008798944126704796
 0.003739551253849538
 0.002859656841179059
 0.0006599208095028596
 0.0008798944126704796
 0.01957765068191817
 0.001539815222173339
 0.001099868015838099
 0.001319841619005719
 0.001319841619005719
 0.008798944126704795
 0.0008798944126704796
 0.0004399472063352398
 0
 0.003959524857017158
 0.004839419269687638
 0
 0.0004399472063352398
 0.01869775626924769
 0.0004399472063352398
 0.002199736031676199
 0.001759788825340959
 0
 0.002419709634843819
 0.03607567091948966
 0.01011878574571051
 0.130224373075231
 0.0008798944126704796
 0.005059392872855257
 0.08095028596568411
 0.009458864936207656
 0.006599208095028597
 0.001099868015838099
 0.004179498460184778
 0.3216014078310603
 0
 0.005499340079190497


# name: m1
# type: matrix
# rows: 76
# columns: 1
 0.008149689772577426
 0.008411163435707527
 0.02652764956241808
 0.007892160302038001
 0.007879214477197204
 0.007685169168653805
 0.01525017644943811
 0.008940777695705913
 0.008099487175895828
 0.00803351661887189
 0.02396064728209966
 0.007990697080496739
 0.01268281541688012
 0.008911398248813464
 0.00772138097449823
 0.007880785713076911
 0.01850379633090131
 0.007924113097503217
 0.008336624189840998
 0.01631014757028114
 0.008014232008850404
 0.03995312905262991
 0.00795482887600569
 0.01145593426541229
 0.009893642901208947
 0.01978029320036569
 0.007849952537611409
 0.007753330642484641
 0.0122559337833849
 0.0159080466638659
 0.02237934243535269
 0.01942100482179891
 0.008475142887740598
 0.008017119649097137
 0.01470929104471099
 0.01635860548071467
 0.02111712788036439
 0.01018280664725156
 0.0106575486647016
 0.009049196935373165
 0.007773418384550438
 0.008463877152305711
 0.00804088556134098
 0.00783724306651992
 0.02477534789306596
 0.008261785855777739
 0.008632544858245089
 0.009751135255873095
 0.008176639496159632
 0.01213662159330731
 0.008932226848168502
 0.007884285948125944
 0.007702720732705992
 0.00889930304269115
 0.00772138097449823
 0.007881137175310034
 0.008061897744961315
 0.01142671817811915
 0.008293234024868382
 0.009335417764999809
 0.008616811872180469
 0.007781558558333727
 0.008368340677655794
 0.02604373176947972
 0.009430348692705735
 0.02632814496715879
 0.008240698289498097
 0.01219556750723464
 0.01719685474525864
 0.008629358822672243
 0.009043343377919854
 0.008281131732621174
 0.01002711891957696
 0.3024188219889833
 0.007723495723577429
 0.01013513856873024


