# Created by Octave 3.8.0, Mon Oct 05 18:25:04 2015 BRT <marcelomtoledo@Marcelos-MacBook-Pro.local>
# name: c5
# type: scalar
8


# name: b5
# type: matrix
# rows: 6
# columns: 1
 0.06600363076591385
 0.09160189603739238
 0.1577505575799546
 0.2499248400278167
 0.276943152634017
 0.005838520575448283


# name: e5
# type: scalar
0.06566282402250917


# name: s5
# type: matrix
# rows: 75
# columns: 1
 0.0002199736031676199
 0.002639683238011439
 0.0002199736031676199
 0.003959524857017158
 0.003079630444346678
 0.0006599208095028596
 0.001319841619005719
 0.001539815222173339
 0
 0.0002199736031676199
 0.008578970523537175
 0
 0
 0.007919049714034315
 0.0004399472063352398
 0.007039155301363837
 0.007919049714034315
 0.02463704355477343
 0.001099868015838099
 0.009458864936207656
 0.02309722833260009
 0.006159260888693356
 0.7021557413110426
 0.0002199736031676199
 0.03937527496700396
 0.7461504619445667
 0.0008798944126704796
 0.07809062912450505
 0.007699076110866696
 0.004399472063352398
 0.0004399472063352398
 0
 0.0002199736031676199
 0.0008798944126704796
 0
 0.0002199736031676199
 0.001759788825340959
 0.0008798944126704796
 0
 0.0008798944126704796
 0.001319841619005719
 0.0002199736031676199
 0.03167619885613726
 0.001099868015838099
 0
 0.0008798944126704796
 0.0004399472063352398
 0.002199736031676199
 0.003739551253849538
 0.001539815222173339
 0.003959524857017158
 0
 0.0002199736031676199
 0.001099868015838099
 0.0004399472063352398
 0.09568851737791464
 0
 0.005939287285525737
 0.002199736031676199
 0.0719313682358117
 0.0002199736031676199
 0.003079630444346678
 0
 0.005279366476022877
 0.0002199736031676199
 0.01099868015838099
 0.001099868015838099
 0.0006599208095028596
 0.001979762428508579
 0
 0.01781786185657721
 0
 0.0002199736031676199
 0.003079630444346678
 0.001539815222173339


# name: m5
# type: matrix
# rows: 75
# columns: 1
 0.006032363381256644
 0.007062761293522646
 0.005913647442158624
 0.01369664699431391
 0.007317493930435442
 0.008030677531414867
 0.006465694660142456
 0.006981763302081672
 0.005858670574576614
 0.006122501306334965
 0.009204897902205232
 0.005934141717158352
 0.005948660773640075
 0.02175064854228737
 0.006431999429909374
 0.01621557363169734
 0.008449023477912165
 0.01609578988685845
 0.00885556592358124
 0.02932887985573949
 0.02752839786738028
 0.01063715456798361
 0.2016816413717741
 0.005899440758605788
 0.07072127693839822
 0.5161285633250682
 0.00650430740826121
 0.03161422957452497
 0.006467147384805462
 0.007861659091457319
 0.005948660773640075
 0.005948660773640075
 0.005913647442158624
 0.00836937002990691
 0.005928166498640347
 0.005997880788674363
 0.007850961070341543
 0.007097151430035762
 0.006003637641222085
 0.007399349924181039
 0.007091555971643704
 0.006070188767026198
 0.048902939215823
 0.006426736130137348
 0.005922535555993739
 0.007115983852323367
 0.00659720211768194
 0.007176067757723219
 0.01135045857323451
 0.00947554292174421
 0.007725776359949823
 0.006023913550251532
 0.006147822149166157
 0.007023245404856823
 0.005873221534000848
 0.09109761728950933
 0.005957142507587698
 0.01529718103917832
 0.006623146004501984
 0.1878114173278013
 0.006443639044905936
 0.00849258527343094
 0.006724800887434112
 0.007211557584639941
 0.006709815226491917
 0.02112774437056359
 0.007494846706879431
 0.008216472082457807
 0.009423376315014605
 0.006938793692370803
 0.01120986144694225
 0.006683599254645338
 0.006756500075912439
 0.009955480262122184
 0.006701429201371824


