# Created by Octave 3.8.0, Mon Oct 05 18:24:14 2015 BRT <marcelomtoledo@Marcelos-MacBook-Pro.local>
# name: c2
# type: scalar
16


# name: b2
# type: matrix
# rows: 6
# columns: 1
 0.02011754926797422
 0.06520388179867756
 0.1384632959123344
 0.1715390120652458
 0.2503397263631727
 0.01361927677922539


# name: e2
# type: scalar
0.09710768789732281


# name: s2
# type: matrix
# rows: 76
# columns: 1
 0.02265728112626485
 0.02507699076110867
 0.0004399472063352398
 0.002419709634843819
 0.009238891333040036
 0.0002199736031676199
 0.004399472063352398
 0.0002199736031676199
 0.1381434227892653
 0.0002199736031676199
 0.0006599208095028596
 0.001539815222173339
 0.0002199736031676199
 0.0006599208095028596
 0.01517817861856577
 0.03937527496700396
 0.001539815222173339
 0.01869775626924769
 0.001759788825340959
 0.08908930928288605
 0.001979762428508579
 0.001979762428508579
 0.02793664760228773
 0.004619445666520018
 0.009018917729872416
 0.2309722833260009
 0.002859656841179059
 1
 0.001539815222173339
 0.08249010118785746
 0.02375714914210295
 0.01253849538055433
 0.0008798944126704796
 0.02155741311042675
 0.01495820501539815
 0.03299604047514298
 0.002419709634843819
 0.03585569731632204
 0.0002199736031676199
 0.005719313682358117
 0.001099868015838099
 0.0002199736031676199
 0.0004399472063352398
 0.0006599208095028596
 0.0002199736031676199
 0.003959524857017158
 0.0004399472063352398
 0.009678838539375276
 0.0002199736031676199
 0.002199736031676199
 0.009238891333040036
 0.2094148702155741
 0.0008798944126704796
 0.0008798944126704796
 0.009678838539375276
 0.0008798944126704796
 0.02529696436427629
 0
 0
 0.04663440387153542
 0.001979762428508579
 0
 0.0008798944126704796
 0.001979762428508579
 0.01451825780906291
 0.004839419269687638
 0.0008798944126704796
 0.0008798944126704796
 0.0310162780466344
 0.01363836339639243
 0
 0.005719313682358117
 0.001759788825340959
 0.001319841619005719
 0.002199736031676199
 0.0008798944126704796


# name: m2
# type: matrix
# rows: 76
# columns: 1
 0.01978390656610578
 0.03426264963841459
 0.01377014505097377
 0.01477373053819426
 0.0170761256234515
 0.01379176396825305
 0.0193027376819864
 0.01374375617529336
 0.07026088912829252
 0.0136623061776847
 0.0165346137490544
 0.01567539513748146
 0.01368019331944199
 0.0150884297560791
 0.02454864359609142
 0.02206565060819555
 0.01469458458066781
 0.01993351109609414
 0.01500428156929687
 0.0557495478449178
 0.01372642209823707
 0.01485729015917759
 0.03095630748124772
 0.0220887842943668
 0.01471611344522141
 0.4690063108455229
 0.01374748160381232
 0.2114262932278047
 0.01444433189254541
 0.02838602233717871
 0.01881687067251765
 0.03120090512242139
 0.01610427111261584
 0.03495065756075039
 0.01651426569979963
 0.0271829896889987
 0.01412020894353887
 0.0676447602017354
 0.01396689747291548
 0.02958780087158269
 0.01433048851724382
 0.01429608732289233
 0.01427078661972109
 0.01424262368964279
 0.01410340429537851
 0.02077993755684997
 0.01395454179035955
 0.01668237871342117
 0.01386824258105719
 0.0145832180708821
 0.0138856629211019
 0.07727500891597731
 0.01458444402034572
 0.01382011261498668
 0.01705460217128328
 0.01422312775243705
 0.01913831351867061
 0.01375423834978448
 0.01385709882857318
 0.03796751096681304
 0.0178545140056357
 0.01428502123924897
 0.01487533974135793
 0.0198302686878135
 0.01615664676517384
 0.02087510211323359
 0.01411333340516864
 0.01382237403470748
 0.0245300082006651
 0.01608417181622427
 0.01369917021816038
 0.0152989143250546
 0.01591707457089277
 0.01640989599419504
 0.0146235941440108
 0.0142569738321584


