# Created by Octave 3.8.0, Mon Oct 05 18:25:02 2015 BRT <marcelomtoledo@Marcelos-MacBook-Pro.local>
# name: c6
# type: scalar
0.5


# name: b6
# type: matrix
# rows: 6
# columns: 1
 0.007671306404377258
 0.06129683539838188
 0.1055312780798014
 0.1880040216386822
 0.3158530215413198
 0.003694267103450573


# name: e6
# type: scalar
0.02027120358993318


# name: s6
# type: matrix
# rows: 75
# columns: 1
 0
 0.008578970523537175
 0.01363836339639243
 0.0002199736031676199
 0.01473823141223053
 0.005279366476022877
 0.01297844258688957
 0.007699076110866696
 0.001319841619005719
 0.0008798944126704796
 0.001319841619005719
 0.001099868015838099
 0.002199736031676199
 0.02089749230092389
 0.0002199736031676199
 0
 0.0004399472063352398
 0.002859656841179059
 0.001319841619005719
 0.01407831060272767
 0.003079630444346678
 0.0006599208095028596
 0.03607567091948966
 0.01055873295204575
 0.007479102507699076
 0.007259128904531456
 0.0002199736031676199
 0.001979762428508579
 0.005939287285525737
 0.0004399472063352398
 0.08666959964804223
 0.0002199736031676199
 0.004839419269687638
 0.0008798944126704796
 0.01385833699956005
 0.001319841619005719
 0.1663000439947206
 0.01121865376154861
 0.04817421909370875
 0.001539815222173339
 0.002199736031676199
 0.0004399472063352398
 0.03937527496700396
 0.0004399472063352398
 0.006159260888693356
 0.0008798944126704796
 0.01495820501539815
 0.003959524857017158
 0.006599208095028597
 0.008139023317201935
 0.0006599208095028596
 0.01077870655521337
 0.0004399472063352398
 0.001759788825340959
 0.0004399472063352398
 0.006159260888693356
 0.0002199736031676199
 0.0006599208095028596
 0.0002199736031676199
 0.04487461504619446
 0.0006599208095028596
 0.001759788825340959
 0
 0.007039155301363837
 0.0008798944126704796
 0.001759788825340959
 0.001979762428508579
 0
 0.007039155301363837
 0.0008798944126704796
 0.0002199736031676199
 0.0730312362516498
 0
 0.0002199736031676199
 0.001759788825340959


# name: m6
# type: matrix
# rows: 75
# columns: 1
 0.003749106711245792
 0.02496625853952065
 0.02618712271083843
 0.003735623025500437
 0.02055870907039781
 0.01194081801321316
 0.006501039930723278
 0.009807130645543016
 0.004897194363334251
 0.005006782263527932
 0.004982971781388832
 0.005008008125229448
 0.005026688111444971
 0.01139705283566149
 0.003921009870912281
 0.003884843540912352
 0.003779070746374985
 0.006493217063440832
 0.004408708346280168
 0.02253124685379742
 0.005181096432075811
 0.004531155349771474
 0.0650805911269785
 0.004386240515467615
 0.009469673603170463
 0.02804989721581545
 0.003790335495978042
 0.005728447587936796
 0.01061803306595643
 0.003825345792298721
 0.01843917566549756
 0.003783738701383407
 0.01119400271624234
 0.004908429999436687
 0.02612321842252418
 0.004609735611683528
 0.03282203843461346
 0.006244768561612933
 0.01746296925258154
 0.007908298841361842
 0.006318557706093841
 0.005020849788210933
 0.01872616749605975
 0.004037197671470373
 0.008397187013254393
 0.004915346004088028
 0.03449428751759909
 0.007863821851881225
 0.01048646908670937
 0.005886978551096173
 0.00456271103405833
 0.004818947383615232
 0.004354824132010403
 0.00896419143358039
 0.004221591442441436
 0.005461679564527425
 0.003790335495978042
 0.004930292013609552
 0.003926450631827666
 0.02335375724570039
 0.003714500728839022
 0.005160507774709799
 0.00377647839665041
 0.009618522381996715
 0.003980758788391362
 0.003758837120986535
 0.01011295554475544
 0.004492837207114607
 0.004024633396071478
 0.004693170062047974
 0.00376427788190192
 0.01760655204049249
 0.003835193525167067
 0.004100409768397982
 0.004805029286090076


