# Created by Octave 3.8.0, Mon Oct 05 18:25:47 2015 BRT <marcelomtoledo@Marcelos-MacBook-Pro.local>
# name: c10
# type: scalar
4


# name: b10
# type: matrix
# rows: 6
# columns: 1
 0.04100963491099026
 0.06669224879996963
 0.08870565762948497
 0.1256111687403434
 0.1462750349650639
 0.01230219680363572


# name: e10
# type: scalar
0.0336816528412937


# name: s10
# type: matrix
# rows: 75
# columns: 1
 0.01077870655521337
 0.1260448746150462
 0.0002199736031676199
 0.007039155301363837
 0.0002199736031676199
 0.0002199736031676199
 0.001759788825340959
 0.0008798944126704796
 0.02265728112626485
 0.001759788825340959
 0.08358996920369556
 0.003519577650681918
 0.01077870655521337
 0.004619445666520018
 0.0004399472063352398
 0.0002199736031676199
 0.001539815222173339
 0.02837659480862297
 0.0497140343158821
 0.09546854377474703
 0.003299604047514298
 0.001979762428508579
 0.001979762428508579
 0
 0.02463704355477343
 0.01495820501539815
 0.0006599208095028596
 0.01913770347558293
 0.2771667399912011
 0.001539815222173339
 0.06225252969643643
 0.001099868015838099
 0.001759788825340959
 0.009238891333040036
 0.001979762428508579
 0.001319841619005719
 0.02463704355477343
 0.001319841619005719
 0.05719313682358117
 0.002419709634843819
 0.007919049714034315
 0.001099868015838099
 0.002199736031676199
 0.01033875934887813
 0.0008798944126704796
 0.005719313682358117
 0.05169379674439067
 0.0686317641882974
 0.009898812142542894
 0.002859656841179059
 0
 0
 0.009458864936207656
 0
 0.03167619885613726
 0.001319841619005719
 0.004839419269687638
 0.0006599208095028596
 0.001319841619005719
 0.1236251649802024
 0.001319841619005719
 0.001759788825340959
 0.01473823141223053
 0
 0.005939287285525737
 0.02529696436427629
 0.001319841619005719
 0.09546854377474703
 0.06445226572811262
 0.1236251649802024
 0.001099868015838099
 0.0004399472063352398
 0.0002199736031676199
 0.0675318961724593
 0.001539815222173339


# name: m10
# type: matrix
# rows: 75
# columns: 1
 0.01688248874648561
 0.08395851063624438
 0.01233073074392179
 0.01540050433863732
 0.01237339925639068
 0.01251580360467964
 0.01462389168197758
 0.01280950671438399
 0.01554861923197807
 0.0138278836584668
 0.04760087432563792
 0.01308894111880938
 0.016209053287425
 0.01358552994144236
 0.01263973546340861
 0.01240968459812145
 0.0128703381121671
 0.04932337722379534
 0.01868228656095887
 0.04275233700651444
 0.01318808726592541
 0.0124350756876642
 0.01320067755465453
 0.01236371451867422
 0.01754863066678635
 0.02154881941030617
 0.01287132129317189
 0.01465710398599462
 0.05021593097630821
 0.01357389158221268
 0.02139050473824563
 0.01269987218286762
 0.01389714847705257
 0.01587807654076403
 0.01638201527835494
 0.01341374950805129
 0.01811630989813895
 0.01446442748247262
 0.01852304588621203
 0.01489660069157951
 0.0201094428349016
 0.01322655045460692
 0.01294804550457133
 0.01563794301540572
 0.01234540127819367
 0.01545893250448305
 0.06435916609589933
 0.03209394636324941
 0.01246939727258057
 0.01504499495115878
 0.01235916901356539
 0.0123860629997553
 0.01644890826783136
 0.01245682864263747
 0.02985514672828348
 0.01336857090331447
 0.01529970369831975
 0.01239188162214919
 0.01286080776841172
 0.07148660671396923
 0.01320404505589982
 0.01355952135758554
 0.01978111200103528
 0.0127697052904741
 0.01515186428814991
 0.03869241221242443
 0.01363135432863014
 0.165250991831373
 0.0248191729074781
 0.04901330047407242
 0.01242970776575985
 0.01277344826334093
 0.01238122063089707
 0.06448317870574935
 0.01310022970399828


