# Created by Octave 3.8.0, Mon Oct 05 18:25:17 2015 BRT <marcelomtoledo@Marcelos-MacBook-Pro.local>
# name: c8
# type: scalar
8


# name: b8
# type: matrix
# rows: 6
# columns: 1
 0.02995158467844704
 0.07786957613996308
 0.1137491544915997
 0.121763276661019
 0.1250335477680789
 0.006317606458894004


# name: e8
# type: scalar
0.03115364345077986


# name: s8
# type: matrix
# rows: 75
# columns: 1
 0.006159260888693356
 0.003079630444346678
 0.01649802023757149
 0.0002199736031676199
 0.004179498460184778
 0.0004399472063352398
 0.1783985921689397
 0
 0.002419709634843819
 0.002199736031676199
 0.5182578090629124
 0.02155741311042675
 0.001759788825340959
 0.0008798944126704796
 0.0002199736031676199
 0.0002199736031676199
 0.007919049714034315
 0
 0.004619445666520018
 0
 0.005499340079190497
 0.0002199736031676199
 0.03079630444346678
 0.0002199736031676199
 0.02551693796744391
 0.04465464144302684
 0.003519577650681918
 0.01759788825340959
 0.005499340079190497
 0.003959524857017158
 0.008139023317201935
 0.0006599208095028596
 0.001979762428508579
 0.009458864936207656
 0.002419709634843819
 0
 0.001539815222173339
 0.1396832380114386
 0.006379234491860977
 0.0008798944126704796
 0.007479102507699076
 0.02903651561812582
 0.003519577650681918
 0.01473823141223053
 0.001979762428508579
 0.001099868015838099
 0.04553453585569732
 0.001979762428508579
 0.0002199736031676199
 0.0004399472063352398
 0.001319841619005719
 0.0002199736031676199
 0.01715794104707435
 0.0006599208095028596
 0.003519577650681918
 0.001319841619005719
 0.0006599208095028596
 0.03189617245930489
 0.009898812142542894
 0.1280246370435548
 0.005719313682358117
 0.007039155301363837
 0.0002199736031676199
 0
 0.05499340079190497
 0.05455345358556973
 0.0004399472063352398
 0.0002199736031676199
 0.0008798944126704796
 0.01407831060272767
 0.006819181698196217
 0.001099868015838099
 0.01319841619005719
 0.08468983721953366
 0.005719313682358117


# name: m8
# type: matrix
# rows: 75
# columns: 1
 0.01587687439054223
 0.009670883771607328
 0.01485282663395909
 0.006389024496854643
 0.007053111445315043
 0.006765990255814837
 0.0487267543475062
 0.006364876212920274
 0.007588410921151281
 0.006972253063794405
 0.3598331387424755
 0.01225778115938992
 0.01070355464506446
 0.00675439076107246
 0.006423271288993979
 0.006474200149513921
 0.008783623617980381
 0.006951988367733017
 0.006838749216181597
 0.006351699096915677
 0.007474492644172761
 0.006465268197487746
 0.01445459160453543
 0.00638726160152481
 0.0451691306614134
 0.01508730848504329
 0.007236139735334466
 0.007758503249592525
 0.009836934477083085
 0.009762648223806531
 0.03096561391879676
 0.006901944744991442
 0.006959170563446964
 0.01629059188230178
 0.007152485734627904
 0.006517794088877909
 0.007075664236740145
 0.08297413637660352
 0.007695780982998712
 0.006672922043025413
 0.02630801394669288
 0.05628717444548218
 0.008260550493873113
 0.01022345409773359
 0.008494742056235158
 0.00726865927030466
 0.06976368978099287
 0.01211571892356668
 0.006395778919316553
 0.006531457087919394
 0.006972928178145606
 0.00638726160152481
 0.01040435882863904
 0.006495269825648663
 0.007171084852456005
 0.007045098138050604
 0.006344391165594624
 0.06702093313681015
 0.03528506318653535
 0.256606149230207
 0.009576938475861916
 0.008473180979423182
 0.006889839569508482
 0.006465852826296838
 0.04370982058153711
 0.01381031426629807
 0.006488527113528701
 0.006377764430297543
 0.007555820698342671
 0.009691393594681321
 0.00802812686914291
 0.007211485410082742
 0.006798778098560848
 0.04344883037987376
 0.007707944355509169


