# Created by Octave 3.8.0, Mon Oct 05 18:24:56 2015 BRT <marcelomtoledo@Marcelos-MacBook-Pro.local>
# name: c7
# type: scalar
1


# name: b7
# type: matrix
# rows: 6
# columns: 1
 0.04486932098562155
 0.05378310376387703
 0.04384490627243776
 0.05695832298729693
 0.07054916497315646
 0.004541776575499658


# name: e7
# type: scalar
0.009905539286404582


# name: s7
# type: matrix
# rows: 75
# columns: 1
 0.004839419269687638
 0.0006599208095028596
 0.001979762428508579
 0.0006599208095028596
 0.02199736031676199
 0.0006599208095028596
 0.05059392872855258
 0.005719313682358117
 0.003739551253849538
 0.005059392872855257
 0.002859656841179059
 0.01297844258688957
 0.0004399472063352398
 0.01847778266608007
 0.01319841619005719
 0
 0
 0.001099868015838099
 0.004179498460184778
 0.02067751869775627
 0.001539815222173339
 0.005719313682358117
 0.001319841619005719
 0.008578970523537175
 0
 0.001759788825340959
 0.0002199736031676199
 0.005059392872855257
 0.001099868015838099
 0.006599208095028597
 0.003299604047514298
 0.02199736031676199
 0.001539815222173339
 0.007699076110866696
 0.0004399472063352398
 0.001099868015838099
 0.0006599208095028596
 0.0004399472063352398
 0.007259128904531456
 0.0004399472063352398
 0
 0.08205015398152221
 0.001539815222173339
 0.005279366476022877
 0
 0.0002199736031676199
 0.001539815222173339
 0.0004399472063352398
 0
 0.004839419269687638
 0.01869775626924769
 0.0002199736031676199
 0
 0.0002199736031676199
 0.002419709634843819
 0.0002199736031676199
 0.01363836339639243
 0.0006599208095028596
 0.002639683238011439
 0.0004399472063352398
 0.01605807303123625
 0.002859656841179059
 0.01077870655521337
 0.09480862296524417
 0.0004399472063352398
 0.02507699076110867
 0
 0.001759788825340959
 0.001759788825340959
 0.001539815222173339
 0.001099868015838099
 0.01099868015838099
 0.001539815222173339
 0.0008798944126704796
 0.0006599208095028596


# name: m7
# type: matrix
# rows: 75
# columns: 1
 0.004684556532709671
 0.004716495627512653
 0.006631401599080846
 0.004704582365276331
 0.008911466750905147
 0.004569126392643748
 0.01154754828479641
 0.004672786025538473
 0.006269436492777106
 0.006408521626845617
 0.005084097673801073
 0.006287669918970572
 0.004903577989626036
 0.006488947180979478
 0.006346993079126196
 0.004589339645279357
 0.004573820691259746
 0.004991298950714288
 0.005141605050161066
 0.01302019938439971
 0.004930980454491462
 0.006758845711043435
 0.00584757977491402
 0.007929220087745836
 0.004571161429930737
 0.005894301687055601
 0.004800693295929458
 0.007696907148845112
 0.004797981210856182
 0.005559862565258979
 0.006063115650640447
 0.008911466750905147
 0.004871736786234913
 0.00544668823837136
 0.004581031496139628
 0.004951126786319544
 0.004759919918006024
 0.004591195421237839
 0.007822465477466191
 0.004706354134241074
 0.004639666997345171
 0.0186904464674132
 0.004790259361631826
 0.007289848854803145
 0.0047432073361966
 0.004675918018417239
 0.005088400412134522
 0.004817578398190212
 0.004646698540896547
 0.005964046713267879
 0.006643593195939985
 0.004587837695495407
 0.004576810317741457
 0.004628212582240485
 0.005008996147594509
 0.0048246927295215
 0.006958749869712171
 0.004766184871118324
 0.005047973526826043
 0.004577967629286515
 0.01138425191190241
 0.006123440810180156
 0.006383604234003092
 0.1043818862997239
 0.004628377380464172
 0.02068101182674572
 0.004592224250803963
 0.008848714925575582
 0.005717375099930797
 0.004829244273072374
 0.005331785071462725
 0.009087315350833469
 0.005605903448627499
 0.004931823069206765
 0.004656312482324138


