# Created by Octave 3.8.0, Mon Oct 05 17:06:31 2015 BRT <marcelomtoledo@Marcelos-MacBook-Pro.local>
# name: X
# type: matrix
# rows: 76
# columns: 6
 0.0004399472063352398 0.0008798944126704796 0.0008798944126704796 0.001979762428508579 0.0004399472063352398 1
 0.009898812142542894 0.009678838539375276 0.01077870655521337 0.009238891333040036 0.01363836339639243 1
 0 0.0002199736031676199 0.0002199736031676199 0 0.0002199736031676199 1
 0.0008798944126704796 0.0002199736031676199 0.001099868015838099 0.0006599208095028596 0.009238891333040036 1
 0.006599208095028597 0.01363836339639243 0.02067751869775627 0.01979762428508579 0.02705675318961724 1
 0.02529696436427629 0.02529696436427629 0.03079630444346678 0.04025516937967444 0.05059392872855258 1
 0.002419709634843819 0.001759788825340959 0.0004399472063352398 0.002639683238011439 0.001319841619005719 1
 0.0008798944126704796 0.001319841619005719 0.001759788825340959 0.002859656841179059 0.001319841619005719 1
 0.006379234491860977 0.005939287285525737 0.007919049714034315 0.004619445666520018 0.003959524857017158 1
 0.002859656841179059 0.003519577650681918 0.002419709634843819 0.005279366476022877 0.003959524857017158 1
 0.005719313682358117 0.005499340079190497 0.007919049714034315 0.01363836339639243 0.01495820501539815 1
 0.002419709634843819 0.002859656841179059 0.0006599208095028596 0.001099868015838099 0.001099868015838099 1
 0.001539815222173339 0.0002199736031676199 0.0004399472063352398 0 0 1
 0.1396832380114386 0.09590849098108227 0.04553453585569732 0.03189617245930489 0.02771667399912011 1
 0.03937527496700396 0.02793664760228773 0.01385833699956005 0.01385833699956005 0.01363836339639243 1
 0.003959524857017158 0.002419709634843819 0.002859656841179059 0.0006599208095028596 0.001099868015838099 1
 0.0006599208095028596 0.0004399472063352398 0.0006599208095028596 0.0002199736031676199 0.0002199736031676199 1
 0.0002199736031676199 0 0 0 0.0002199736031676199 1
 0.03937527496700396 0.02793664760228773 0.01385833699956005 0.01385833699956005 0.01363836339639243 1
 0.0006599208095028596 0 0.0002199736031676199 0.0004399472063352398 0 1
 0.0002199736031676199 0.0006599208095028596 0 0.0002199736031676199 0 1
 0.003959524857017158 0.009678838539375276 0.01253849538055433 0.01297844258688957 0.01033875934887813 1
 0.0006599208095028596 0.001539815222173339 0.001539815222173339 0.001539815222173339 0.001979762428508579 1
 0.001099868015838099 0.001099868015838099 0.001319841619005719 0.0004399472063352398 0.001099868015838099 1
 0.01495820501539815 0.002419709634843819 0 0.006599208095028597 0.01077870655521337 1
 0.002419709634843819 0.001759788825340959 0.002199736031676199 0.001759788825340959 0.001099868015838099 1
 0.001759788825340959 0.003739551253849538 0.002419709634843819 0.001759788825340959 0.002199736031676199 1
 0.007919049714034315 0.009018917729872416 0.007039155301363837 0.005939287285525737 0.003959524857017158 1
 0.01385833699956005 0.01385833699956005 0.01363836339639243 0.009898812142542894 0.01099868015838099 1
 0.0004399472063352398 0.001099868015838099 0.0006599208095028596 0.001319841619005719 0.0004399472063352398 1
 0.0004399472063352398 0.0002199736031676199 0.0008798944126704796 0.0008798944126704796 0.0002199736031676199 1
 0.0008798944126704796 0.001539815222173339 0.001319841619005719 0.001319841619005719 0.0008798944126704796 1
 0.002639683238011439 0.003959524857017158 0.006159260888693356 0.006599208095028597 0.01165860096788385 1
 0.004179498460184778 0.006379234491860977 0.008139023317201935 0.005499340079190497 0.007699076110866696 1
 0.06225252969643643 0.08249010118785746 0.130224373075231 0.1663000439947206 0.2771667399912011 1
 0.0008798944126704796 0.0008798944126704796 0 0 0.0004399472063352398 1
 0.0004399472063352398 0 0 0.0002199736031676199 0 1
 0.0004399472063352398 0 0 0.0002199736031676199 0 1
 0.0004399472063352398 0.0002199736031676199 0 0 0 1
 0.0008798944126704796 0.0002199736031676199 0.0002199736031676199 0.0004399472063352398 0.0008798944126704796 1
 0.003519577650681918 0.002859656841179059 0.001979762428508579 0.001539815222173339 0.007699076110866696 1
 0.007259128904531456 0.004839419269687638 0.001759788825340959 0.002859656841179059 0.001979762428508579 1
 0 0.0004399472063352398 0 0.0002199736031676199 0 1
 0.05169379674439067 0.02903651561812582 0.02133743950725913 0.009898812142542894 0.006379234491860977 1
 0.0008798944126704796 0.003739551253849538 0.005719313682358117 0.005499340079190497 0.007919049714034315 1
 0.0008798944126704796 0.0004399472063352398 0 0.009898812142542894 0.01319841619005719 1
 0.007039155301363837 0.004179498460184778 0.006379234491860977 0.008139023317201935 0.005499340079190497 1
 0.001979762428508579 0.001319841619005719 0.001539815222173339 0.001759788825340959 0.001539815222173339 1
 0.0002199736031676199 0.0002199736031676199 0 0.0002199736031676199 0 1
 0.001099868015838099 0.001319841619005719 0.0006599208095028596 0.001539815222173339 0.0008798944126704796 1
 0.01495820501539815 0.01473823141223053 0.01869775626924769 0.02463704355477343 0.02199736031676199 1
 0.01099868015838099 0.008358996920369555 0.005059392872855257 0.004179498460184778 0.001979762428508579 1
 0.007699076110866696 0.009458864936207656 0.01077870655521337 0.01495820501539815 0.01473823141223053 1
 0.166080070391553 0.1396832380114386 0.09590849098108227 0.04553453585569732 0.03189617245930489 1
 0.05125384953805543 0.0332160140783106 0.02837659480862297 0.02507699076110867 0.01957765068191817 1
 0.01187857457105147 0.005719313682358117 0.005719313682358117 0.007039155301363837 0.005939287285525737 1
 0.03607567091948966 0.03123625164980202 0.03167619885613726 0.026616805983282 0.04663440387153542 1
 0.0002199736031676199 0 0.0002199736031676199 0 0 1
 0.01649802023757149 0.03299604047514298 0.04465464144302684 0.04817421909370875 0.06819181698196217 1
 0.001319841619005719 0.001319841619005719 0.0008798944126704796 0.0002199736031676199 0.001099868015838099 1
 0.09546854377474703 0.08358996920369556 0.05499340079190497 0.03937527496700396 0.03585569731632204 1
 0.006159260888693356 0.004179498460184778 0.003959524857017158 0.009678838539375276 0.01253849538055433 1
 0.0004399472063352398 0.0008798944126704796 0.0008798944126704796 0.0006599208095028596 0.0002199736031676199 1
 0.002199736031676199 0.001759788825340959 0.001099868015838099 0.001759788825340959 0.0006599208095028596 1
 0.02551693796744391 0.01385833699956005 0.008139023317201935 0.005499340079190497 0.005719313682358117 1
 0.01121865376154861 0.008798944126704795 0.005279366476022877 0.004839419269687638 0.003959524857017158 1
 0 0.0002199736031676199 0 0.0002199736031676199 0 1
 0.007039155301363837 0.005939287285525737 0.002199736031676199 0.007259128904531456 0.005719313682358117 1
 0.01231852177738671 0.009238891333040036 0.003959524857017158 0.007039155301363837 0.003299604047514298 1
 0.0008798944126704796 0.0004399472063352398 0.0004399472063352398 0.0008798944126704796 0.0008798944126704796 1
 0.03079630444346678 0.04025516937967444 0.05059392872855258 0.0409150901891773 0.05983282006159261 1
 0.0004399472063352398 0.0008798944126704796 0.0004399472063352398 0.009458864936207656 0.01055873295204575 1
 0.2771667399912011 0.4359876814782226 0.5235371755389353 0.7021557413110426 1 1
 0 0.0002199736031676199 0 0 0 1
 0.0675318961724593 0.05169379674439067 0.02903651561812582 0.02133743950725913 0.009898812142542894 1
 0 0 0 0 0.0002199736031676199 1


