# Created by Octave 3.8.0, Mon Oct 05 17:06:31 2015 BRT <marcelomtoledo@Marcelos-MacBook-Pro.local>
# name: X
# type: matrix
# rows: 675
# columns: 6
 0 0.0002199736031676199 0 0.0002199736031676199 0 1
 0.03585569731632204 0.03343598768147822 0.02529696436427629 0.01495820501539815 0.009678838539375276 1
 0.0354157501099868 0.03937527496700396 0.02793664760228773 0.01385833699956005 0.01385833699956005 1
 0 0.0002199736031676199 0 0 0 1
 0.02837659480862297 0.02507699076110867 0.01957765068191817 0.01627804663440387 0.01605807303123625 1
 0.01253849538055433 0.01297844258688957 0.01033875934887813 0.01121865376154861 0.008798944126704795 1
 0.003959524857017158 0.004619445666520018 0.001979762428508579 0.006819181698196217 0.007919049714034315 1
 0.01055873295204575 0.007259128904531456 0.008358996920369555 0.007919049714034315 0.005939287285525737 1
 0.001979762428508579 0.001979762428508579 0.001099868015838099 0.001319841619005719 0.001099868015838099 1
 0.002199736031676199 0.001539815222173339 0.002199736031676199 0.001319841619005719 0.001979762428508579 1
 0.003079630444346678 0.0006599208095028596 0.001099868015838099 0.001099868015838099 0.001099868015838099 1
 0.001539815222173339 0.001979762428508579 0.002859656841179059 0.002199736031676199 0.002419709634843819 1
 0.001979762428508579 0.0008798944126704796 0.003519577650681918 0.002419709634843819 0.002859656841179059 1
 0.009458864936207656 0.01077870655521337 0.01341838979322481 0.01869775626924769 0.01649802023757149 1
 0.0004399472063352398 0.0002199736031676199 0.0004399472063352398 0 0 1
 0.0002199736031676199 0.0004399472063352398 0.0002199736031676199 0.0002199736031676199 0.0002199736031676199 1
 0 0.0002199736031676199 0.0002199736031676199 0.0002199736031676199 0.0008798944126704796 1
 0.003299604047514298 0.004619445666520018 0.004839419269687638 0.005719313682358117 0.003519577650681918 1
 0.001099868015838099 0.001319841619005719 0.0004399472063352398 0.001099868015838099 0.0006599208095028596 1
 0.02265728112626485 0.03079630444346678 0.03497580290365156 0.03299604047514298 0.02309722833260009 1
 0.001539815222173339 0.002859656841179059 0.003299604047514298 0.001539815222173339 0.002639683238011439 1
 0.0008798944126704796 0.001319841619005719 0.001539815222173339 0.002199736031676199 0.001759788825340959 1
 0.08732952045754509 0.0996480422349318 0.08908930928288605 0.08468983721953366 0.0620325560932688 1
 0.001319841619005719 0.0004399472063352398 0.0008798944126704796 0.0004399472063352398 0.009458864936207656 1
 0.006599208095028597 0.01077870655521337 0.01011878574571051 0.008578970523537175 0.009238891333040036 1
 0.04553453585569732 0.03189617245930489 0.02771667399912011 0.01583809942806863 0.01055873295204575 1
 0.0002199736031676199 0 0.0002199736031676199 0 0.0004399472063352398 1
 0.002419709634843819 0.003299604047514298 0.003519577650681918 0.003959524857017158 0.004619445666520018 1
 0.01165860096788385 0.01187857457105147 0.005719313682358117 0.005719313682358117 0.007039155301363837 1
 0.0002199736031676199 0 0.0004399472063352398 0.0002199736031676199 0.0002199736031676199 1
 0.01451825780906291 0.01825780906291245 0.02463704355477343 0.05719313682358117 0.08095028596568411 1
 0 0.0002199736031676199 0.0004399472063352398 0 0.0002199736031676199 1
 0.01077870655521337 0.01473823141223053 0.007039155301363837 0.008578970523537175 0.007259128904531456 1
 0.002859656841179059 0.0006599208095028596 0.001099868015838099 0.001099868015838099 0.0004399472063352398 1
 0.0310162780466344 0.0354157501099868 0.03937527496700396 0.02793664760228773 0.01385833699956005 1
 0.0008798944126704796 0.001759788825340959 0.001979762428508579 0.001319841619005719 0.002199736031676199 1
 0.02265728112626485 0.0497140343158821 0.06225252969643643 0.08249010118785746 0.130224373075231 1
 0.003519577650681918 0.004179498460184778 0.004399472063352398 0.002859656841179059 0.001759788825340959 1
 0.02155741311042675 0.01517817861856577 0.01649802023757149 0.03299604047514298 0.04465464144302684 1
 0.007919049714034315 0.004619445666520018 0.003959524857017158 0.006599208095028597 0.002859656841179059 1
 0.005499340079190497 0.001759788825340959 0.003739551253849538 0.002419709634843819 0.001759788825340959 1
 0.002419709634843819 0.001759788825340959 0.0006599208095028596 0.002419709634843819 0.001759788825340959 1
 0.01869775626924769 0.02463704355477343 0.02199736031676199 0.0310162780466344 0.0354157501099868 1
 0.0002199736031676199 0.0008798944126704796 0.0008798944126704796 0.0002199736031676199 0.0002199736031676199 1
 0.007919049714034315 0.005939287285525737 0.007039155301363837 0.004839419269687638 0.005939287285525737 1
 0.001979762428508579 0.001979762428508579 0.001319841619005719 0.001319841619005719 0.0004399472063352398 1
 0.05499340079190497 0.03937527496700396 0.03585569731632204 0.03343598768147822 0.02529696436427629 1
 0.007039155301363837 0.004839419269687638 0.005939287285525737 0.006159260888693356 0.004179498460184778 1
 0.007919049714034315 0.01363836339639243 0.01495820501539815 0.002419709634843819 0 1
 0.0002199736031676199 0.005719313682358117 0.007039155301363837 0.004179498460184778 0.006379234491860977 1
 0.001759788825340959 0.0008798944126704796 0.0006599208095028596 0.001099868015838099 0.001319841619005719 1
 0.0002199736031676199 0 0.004839419269687638 0.007699076110866696 0.009458864936207656 1
 0.0008798944126704796 0.0006599208095028596 0.001539815222173339 0.001539815222173339 0.0002199736031676199 1
 0.008358996920369555 0.007919049714034315 0.005939287285525737 0.007699076110866696 0.005499340079190497 1
 0.0002199736031676199 0.001099868015838099 0.001979762428508579 0.0006599208095028596 0.0002199736031676199 1
 0.002639683238011439 0.003079630444346678 0.001539815222173339 0.002639683238011439 0.003959524857017158 1
 0.0002199736031676199 0 0.0002199736031676199 0 0.0004399472063352398 1
 0.001759788825340959 0.002199736031676199 0.001759788825340959 0.001099868015838099 0.001759788825340959 1
 0.0004399472063352398 0.0002199736031676199 0.0002199736031676199 0.0004399472063352398 0.0002199736031676199 1
 0.01913770347558293 0.03277606687197536 0.03937527496700396 0.04465464144302684 0.0730312362516498 1
 0 0 0 0.0002199736031676199 0.0008798944126704796 1
 0.002639683238011439 0.001759788825340959 0.001979762428508579 0.001319841619005719 0.001539815222173339 1
 0 0 0.0002199736031676199 0.0008798944126704796 0.0006599208095028596 1
 0.006599208095028597 0.01165860096788385 0.01187857457105147 0.005719313682358117 0.005719313682358117 1
 0.0006599208095028596 0.0002199736031676199 0.0002199736031676199 0.0002199736031676199 0 1
 0 0.0002199736031676199 0.0002199736031676199 0 0 1
 0.009898812142542894 0.01099868015838099 0.008358996920369555 0.005059392872855257 0.004179498460184778 1
 0.001539815222173339 0.0008798944126704796 0.0008798944126704796 0.0008798944126704796 0 1
 0.0006599208095028596 0.0002199736031676199 0.0002199736031676199 0.0002199736031676199 0.005719313682358117 1
 0.001759788825340959 0.001099868015838099 0.001759788825340959 0.0006599208095028596 0.001319841619005719 1
 0 0.0002199736031676199 0 0.0004399472063352398 0.0002199736031676199 1
 0.01297844258688957 0.01913770347558293 0.03277606687197536 0.03937527496700396 0.04465464144302684 1
 0 0.0006599208095028596 0 0.0002199736031676199 0.0004399472063352398 1
 0.0008798944126704796 0.0004399472063352398 0 0.0006599208095028596 0.0006599208095028596 1
 0.002199736031676199 0.0008798944126704796 0.001319841619005719 0.001539815222173339 0.002199736031676199 1
 0 0.0002199736031676199 0 0.0002199736031676199 0 1
 0.03585569731632204 0.03343598768147822 0.02529696436427629 0.01495820501539815 0.009678838539375276 1
 0.0354157501099868 0.03937527496700396 0.02793664760228773 0.01385833699956005 0.01385833699956005 1
 0 0.0002199736031676199 0 0 0 1
 0.02837659480862297 0.02507699076110867 0.01957765068191817 0.01627804663440387 0.01605807303123625 1
