# Created by Octave 3.8.0, Mon Oct 05 17:06:31 2015 BRT <marcelomtoledo@Marcelos-MacBook-Pro.local>
# name: X
# type: matrix
# rows: 675
# columns: 6
 0 0.0004399472063352398 0.0002199736031676199 0.0002199736031676199 0.0004399472063352398 1
 0.001759788825340959 0.0006599208095028596 0.002419709634843819 0.001759788825340959 0.0004399472063352398 1
 0 0.0002199736031676199 0 0.0002199736031676199 0 1
 0.01033875934887813 0.01121865376154861 0.008798944126704795 0.005279366476022877 0.004839419269687638 1
 0.001759788825340959 0.001979762428508579 0.001319841619005719 0.002199736031676199 0.001319841619005719 1
 0.003519577650681918 0.003299604047514298 0.001099868015838099 0.001759788825340959 0.0008798944126704796 1
 0.0002199736031676199 0 0.001979762428508579 0.001979762428508579 0.001099868015838099 1
 0.0008798944126704796 0.001539815222173339 0.002199736031676199 0.0008798944126704796 0.001319841619005719 1
 0 0 0 0.0002199736031676199 0 1
 0.0008798944126704796 0 0 0.0004399472063352398 0 1
 0.002419709634843819 0 0.006599208095028597 0.01077870655521337 0.01011878574571051 1
 0.0002199736031676199 0 0.0002199736031676199 0 0 1
 0.0002199736031676199 0 0.0002199736031676199 0 0.0002199736031676199 1
 0.02903651561812582 0.02133743950725913 0.009898812142542894 0.006379234491860977 0.005939287285525737 1
 0.0004399472063352398 0.0008798944126704796 0.001099868015838099 0.0002199736031676199 0.0008798944126704796 1
 0.01011878574571051 0.01121865376154861 0.01781786185657721 0.01077870655521337 0.01473823141223053 1
 0.003299604047514298 0.0008798944126704796 0.003739551253849538 0.005719313682358117 0.005499340079190497 1
 0.009458864936207656 0.01077870655521337 0.01495820501539815 0.01473823141223053 0.01869775626924769 1
 0.004839419269687638 0.003959524857017158 0.002419709634843819 0.002859656841179059 0.0006599208095028596 1
 0.03497580290365156 0.03299604047514298 0.02309722833260009 0.01407831060272767 0.009458864936207656 1
 0.02089749230092389 0.02265728112626485 0.03079630444346678 0.03497580290365156 0.03299604047514298 1
 0.007039155301363837 0.005939287285525737 0.003959524857017158 0.003959524857017158 0.005719313682358117 1
 0.130224373075231 0.1663000439947206 0.2771667399912011 0.4359876814782226 0.5235371755389353 1
 0.0002199736031676199 0 0 0 0 1
 0.06093268807743071 0.08666959964804223 0.09546854377474703 0.08358996920369556 0.05499340079190497 1
 0.4359876814782226 0.5235371755389353 0.7021557413110426 1 0.8534975802903652 1
 0.0006599208095028596 0.001099868015838099 0.0008798944126704796 0.0004399472063352398 0.0004399472063352398 1
 0.01869775626924769 0.02375714914210295 0.03695556533216014 0.05455345358556973 0.05807303123625165 1
 0 0.0004399472063352398 0.0008798944126704796 0.0006599208095028596 0.004839419269687638 1
 0.002199736031676199 0.001319841619005719 0.003079630444346678 0.003519577650681918 0.004179498460184778 1
 0.0002199736031676199 0 0.0002199736031676199 0 0.0002199736031676199 1
 0.0002199736031676199 0 0.0002199736031676199 0 0.0002199736031676199 1
 0 0.0002199736031676199 0 0.0002199736031676199 0 1
 0.003299604047514298 0.003519577650681918 0.003299604047514298 0.001099868015838099 0.001759788825340959 1
 0 0.0002199736031676199 0 0.0002199736031676199 0.0002199736031676199 1
 0.0002199736031676199 0 0.0004399472063352398 0 0.0004399472063352398 1
 0.002419709634843819 0.002859656841179059 0.002199736031676199 0.001319841619005719 0.002419709634843819 1
 0.001319841619005719 0.001759788825340959 0.001539815222173339 0.001979762428508579 0.0004399472063352398 1
 0.0002199736031676199 0.0002199736031676199 0.0002199736031676199 0 0.0002199736031676199 1
 0.002199736031676199 0.002419709634843819 0.001319841619005719 0.0008798944126704796 0.0008798944126704796 1
 0.001099868015838099 0.001099868015838099 0.002199736031676199 0.001979762428508579 0.002199736031676199 1
 0.0004399472063352398 0.0002199736031676199 0.0002199736031676199 0.0002199736031676199 0 1
 0.04465464144302684 0.0730312362516498 0.04487461504619446 0.03607567091948966 0.03123625164980202 1
 0.001099868015838099 0.0008798944126704796 0 0.0002199736031676199 0.0006599208095028596 1
 0 0.0002199736031676199 0 0 0.0004399472063352398 1
 0.002419709634843819 0.001319841619005719 0.0008798944126704796 0.0008798944126704796 0.0008798944126704796 1
 0.001319841619005719 0.0004399472063352398 0.001539815222173339 0.0004399472063352398 0 1
 0.001539815222173339 0.002199736031676199 0.0008798944126704796 0.001319841619005719 0.001539815222173339 1
 0.007919049714034315 0.005939287285525737 0.007699076110866696 0.005499340079190497 0.001759788825340959 1
 0.005939287285525737 0.003739551253849538 0.004179498460184778 0.003079630444346678 0.001759788825340959 1
 0.001539815222173339 0.002639683238011439 0.003079630444346678 0.001539815222173339 0.002639683238011439 1
 0.0002199736031676199 0.0004399472063352398 0 0 0.0002199736031676199 1
 0 0.0006599208095028596 0.0004399472063352398 0.0006599208095028596 0.0002199736031676199 1
 0.001979762428508579 0.001319841619005719 0.001319841619005719 0.0004399472063352398 0.0008798944126704796 1
 0 0 0.0002199736031676199 0 0 1
 0.08205015398152221 0.1031676198856137 0.1033875934887813 0.1236251649802024 0.1381434227892653 1
 0 0 0.0006599208095028596 0 0.0002199736031676199 1
 0.01583809942806863 0.01055873295204575 0.007259128904531456 0.008358996920369555 0.007919049714034315 1
 0.0008798944126704796 0.0008798944126704796 0.0008798944126704796 0.0008798944126704796 0.001539815222173339 1
 0.3216014078310603 0.2309722833260009 0.1280246370435548 0.09480862296524417 0.09546854377474703 1
 0.0004399472063352398 0.001539815222173339 0.0004399472063352398 0 0.0004399472063352398 1
 0.003079630444346678 0.002639683238011439 0.004399472063352398 0.003299604047514298 0.002199736031676199 1
 0.001539815222173339 0.001539815222173339 0.0002199736031676199 0.0004399472063352398 0 1
 0 0.001759788825340959 0.002859656841179059 0.003519577650681918 0.002419709634843819 1
 0.001099868015838099 0.0008798944126704796 0.0006599208095028596 0.001539815222173339 0.001539815222173339 1
 0.02793664760228773 0.01385833699956005 0.01385833699956005 0.01363836339639243 0.009898812142542894 1
 0.002199736031676199 0.003079630444346678 0.0006599208095028596 0.001099868015838099 0.001099868015838099 1
 0.004399472063352398 0.002199736031676199 0.001759788825340959 0.002199736031676199 0.001979762428508579 1
 0.003959524857017158 0.006599208095028597 0.002859656841179059 0.001539815222173339 0.003739551253849538 1
 0.001539815222173339 0.001979762428508579 0.0004399472063352398 0.0008798944126704796 0.0004399472063352398 1
 0.001539815222173339 0.007699076110866696 0.008578970523537175 0.01011878574571051 0.01121865376154861 1
 0.0006599208095028596 0.001539815222173339 0.0008798944126704796 0.0008798944126704796 0.0008798944126704796 1
 0.001319841619005719 0.001319841619005719 0.0004399472063352398 0.0008798944126704796 0.001099868015838099 1
 0.005279366476022877 0.004399472063352398 0.005939287285525737 0.003739551253849538 0.004179498460184778 1
 0.001319841619005719 0.0008798944126704796 0.0008798944126704796 0.0008798944126704796 0.0008798944126704796 1
 0 0.0004399472063352398 0.0002199736031676199 0.0002199736031676199 0.0004399472063352398 1
 0.001759788825340959 0.0006599208095028596 0.002419709634843819 0.001759788825340959 0.0004399472063352398 1
 0 0.0002199736031676199 0 0.0002199736031676199 0 1
 0.01033875934887813 0.01121865376154861 0.008798944126704795 0.005279366476022877 0.004839419269687638 1
 0.001759788825340959 0.001979762428508579 0.001319841619005719 0.002199736031676199 0.001319841619005719 1
 0.003519577650681918 0.003299604047514298 0.001099868015838099 0.001759788825340959 0.0008798944126704796 1
 0.0002199736031676199 0 0.001979762428508579 0.001979762428508579 0.001099868015838099 1
