# Created by Octave 3.8.0, Mon Oct 05 17:06:31 2015 BRT <marcelomtoledo@Marcelos-MacBook-Pro.local>
# name: X
# type: matrix
# rows: 75
# columns: 6
 0.03299604047514298 0.02309722833260009 0.01407831060272767 0.009458864936207656 0.009458864936207656 1
 0.01099868015838099 0.008358996920369555 0.005059392872855257 0.004179498460184778 0.001979762428508579 1
 0.01759788825340959 0.01847778266608007 0.01715794104707435 0.02155741311042675 0.01517817861856577 1
 0.0002199736031676199 0.0002199736031676199 0 0.0002199736031676199 0 1
 0.0002199736031676199 0.0002199736031676199 0.0002199736031676199 0.005719313682358117 0.007039155301363837 1
 0.001099868015838099 0.0006599208095028596 0.001319841619005719 0.0004399472063352398 0.001539815222173339 1
 0.08095028596568411 0.08666959964804223 0.0686317641882974 0.1198856137263528 0.153321601407831 1
 0.0002199736031676199 0 0 0 0.0006599208095028596 1
 0.003519577650681918 0.002419709634843819 0.002859656841179059 0.002199736031676199 0.001319841619005719 1
 0.001319841619005719 0.001099868015838099 0.001099868015838099 0.002199736031676199 0.001979762428508579 1
 0.5235371755389353 0.7021557413110426 1 0.8534975802903652 0.7461504619445667 1
 0.001099868015838099 0.01517817861856577 0.01759788825340959 0.01847778266608007 0.01715794104707435 1
 0.01473823141223053 0.007039155301363837 0.008578970523537175 0.007259128904531456 0.004839419269687638 1
 0.001979762428508579 0.0004399472063352398 0.0006599208095028596 0.0004399472063352398 0.0008798944126704796 1
 0.0002199736031676199 0.0002199736031676199 0.0002199736031676199 0 0.0008798944126704796 1
 0.0002199736031676199 0 0.0006599208095028596 0.0004399472063352398 0.0006599208095028596 1
 0.005939287285525737 0.002199736031676199 0.007259128904531456 0.005719313682358117 0.006159260888693356 1
 0.001319841619005719 0.0008798944126704796 0.002199736031676199 0.001099868015838099 0.0008798944126704796 1
 0.0002199736031676199 0.0004399472063352398 0.0004399472063352398 0.003739551253849538 0.003299604047514298 1
 0.0002199736031676199 0 0 0 0.0002199736031676199 1
 0.001539815222173339 0.003299604047514298 0.0008798944126704796 0.003739551253849538 0.005719313682358117 1
 0.0004399472063352398 0.0002199736031676199 0.0002199736031676199 0.0004399472063352398 0.0002199736031676199 1
 0.01341838979322481 0.01869775626924769 0.01649802023757149 0.02089749230092389 0.02265728112626485 1
 0.0002199736031676199 0 0.0002199736031676199 0.0002199736031676199 0 1
 0.0996480422349318 0.08908930928288605 0.08468983721953366 0.0620325560932688 0.03607567091948966 1
 0.01715794104707435 0.02155741311042675 0.01517817861856577 0.01649802023757149 0.03299604047514298 1
 0.001319841619005719 0.001979762428508579 0.001979762428508579 0.002419709634843819 0.003299604047514298 1
 0.002859656841179059 0.002199736031676199 0.002419709634843819 0.001099868015838099 0.01517817861856577 1
 0.007259128904531456 0.008358996920369555 0.007919049714034315 0.005939287285525737 0.007699076110866696 1
 0.009898812142542894 0.006379234491860977 0.005939287285525737 0.007919049714034315 0.004619445666520018 1
 0.08468983721953366 0.0620325560932688 0.03607567091948966 0.02551693796744391 0.01385833699956005 1
 0.001319841619005719 0.0008798944126704796 0.001759788825340959 0.001099868015838099 0.0008798944126704796 1
 0.001759788825340959 0.0006599208095028596 0.001539815222173339 0.001539815222173339 0.001539815222173339 1
 0.03343598768147822 0.02529696436427629 0.01495820501539815 0.009678838539375276 0.008578970523537175 1
 0.002199736031676199 0.001319841619005719 0.001979762428508579 0.0008798944126704796 0.003519577650681918 1
 0.0006599208095028596 0.0002199736031676199 0.0004399472063352398 0.0004399472063352398 0.0002199736031676199 1
 0.001539815222173339 0.002199736031676199 0.001759788825340959 0.0006599208095028596 0.001539815222173339 1
 0.1783985921689397 0.2094148702155741 0.1236251649802024 0.1260448746150462 0.166080070391553 1
 0.0002199736031676199 0.0002199736031676199 0.005719313682358117 0.007039155301363837 0.004179498460184778 1
 0.001099868015838099 0.0008798944126704796 0.0004399472063352398 0.0004399472063352398 0.0008798944126704796 1
 0.0343158820941487 0.06445226572811262 0.0431148262208535 0.03167619885613726 0.01605807303123625 1
 0.1236251649802024 0.1381434227892653 0.09568851737791464 0.0675318961724593 0.05169379674439067 1
 0.003739551253849538 0.003299604047514298 0.004619445666520018 0.004839419269687638 0.005719313682358117 1
 0.004839419269687638 0.007699076110866696 0.009458864936207656 0.01077870655521337 0.01495820501539815 1
 0.004619445666520018 0.004839419269687638 0.005719313682358117 0.003519577650681918 0.002859656841179059 1
 0.003079630444346678 0.001759788825340959 0.001539815222173339 0.001759788825340959 0.001319841619005719 1
 0.1236251649802024 0.1260448746150462 0.166080070391553 0.1396832380114386 0.09590849098108227 1
 0.02067751869775627 0.01253849538055433 0.009678838539375276 0.005059392872855257 0.006379234491860977 1
 0 0.0002199736031676199 0 0.0006599208095028596 0 1
 0 0.0002199736031676199 0.0006599208095028596 0.001099868015838099 0.0008798944126704796 1
 0.001539815222173339 0.0002199736031676199 0.002199736031676199 0.001539815222173339 0.002199736031676199 1
 0.0002199736031676199 0 0.0002199736031676199 0.0002199736031676199 0 1
 0.002419709634843819 0.001099868015838099 0.01517817861856577 0.01759788825340959 0.01847778266608007 1
 0.0002199736031676199 0 0.0008798944126704796 0.0002199736031676199 0.001099868015838099 1
 0.001979762428508579 0.001319841619005719 0.002199736031676199 0.001319841619005719 0.003079630444346678 1
 0.001979762428508579 0.0008798944126704796 0.001319841619005719 0.001759788825340959 0.002859656841179059 1
 0 0.0002199736031676199 0 0 0 1
 0.1260448746150462 0.166080070391553 0.1396832380114386 0.09590849098108227 0.04553453585569732 1
 0.09568851737791464 0.0675318961724593 0.05169379674439067 0.02903651561812582 0.02133743950725913 1
 0.7461504619445667 0.5182578090629124 0.5444346678398592 0.3216014078310603 0.2309722833260009 1
 0.003959524857017158 0.006159260888693356 0.006599208095028597 0.01165860096788385 0.01187857457105147 1
 0.001099868015838099 0.0006599208095028596 0.009238891333040036 0.007919049714034315 0.009018917729872416 1
 0.001099868015838099 0.001319841619005719 0.001099868015838099 0.001319841619005719 0.001539815222173339 1
 0.0002199736031676199 0.0004399472063352398 0.0004399472063352398 0.0002199736031676199 0 1
 0.08139023317201936 0.06093268807743071 0.08666959964804223 0.09546854377474703 0.08358996920369556 1
 0.007699076110866696 0.01187857457105147 0.01869775626924769 0.02375714914210295 0.03695556533216014 1
 0.0004399472063352398 0 0.0006599208095028596 0.0004399472063352398 0.0002199736031676199 1
 0 0.0004399472063352398 0 0 0.0002199736031676199 1
 0.003079630444346678 0.003079630444346678 0.002199736031676199 0.002419709634843819 0.001319841619005719 1
 0.002859656841179059 0.001759788825340959 0.01121865376154861 0.01451825780906291 0.01319841619005719 1
 0.003299604047514298 0.003519577650681918 0.003959524857017158 0.004619445666520018 0.001979762428508579 1
 0.001979762428508579 0.003079630444346678 0.001319841619005719 0.0008798944126704796 0.001759788825340959 1
 0.0002199736031676199 0.0008798944126704796 0.0004399472063352398 0 0.009898812142542894 1
 0.05807303123625165 0.07809062912450505 0.08732952045754509 0.0996480422349318 0.08908930928288605 1
 0.0004399472063352398 0.003739551253849538 0.003299604047514298 0.004619445666520018 0.004839419269687638 1


