# Created by Octave 3.8.0, Mon Oct 05 17:06:31 2015 BRT <marcelomtoledo@Marcelos-MacBook-Pro.local>
# name: X
# type: matrix
# rows: 75
# columns: 6
 0.007699076110866696 0.008578970523537175 0.01011878574571051 0.01121865376154861 0.01781786185657721 1
 0.1198856137263528 0.153321601407831 0.1783985921689397 0.2094148702155741 0.1236251649802024 1
 0 0 0.0002199736031676199 0 0.0002199736031676199 1
 0.007259128904531456 0.005719313682358117 0.006159260888693356 0.007919049714034315 0.005939287285525737 1
 0.0002199736031676199 0 0.0004399472063352398 0 0 1
 0.0006599208095028596 0.0006599208095028596 0.0002199736031676199 0.0002199736031676199 0 1
 0.007699076110866696 0.005499340079190497 0.001759788825340959 0.003739551253849538 0.002419709634843819 1
 0.001319841619005719 0.0006599208095028596 0.001539815222173339 0.0008798944126704796 0.0008798944126704796 1
 0.001979762428508579 0.006819181698196217 0.007919049714034315 0.01297844258688957 0.01297844258688957 1
 0.003739551253849538 0.004179498460184778 0.003079630444346678 0.001759788825340959 0.001539815222173339 1
 0.06819181698196217 0.08139023317201936 0.06093268807743071 0.08666959964804223 0.09546854377474703 1
 0.001539815222173339 0.002199736031676199 0.001319841619005719 0.001979762428508579 0.0008798944126704796 1
 0.008578970523537175 0.009238891333040036 0.007479102507699076 0.006599208095028597 0.009458864936207656 1
 0.001979762428508579 0.002419709634843819 0.003299604047514298 0.003519577650681918 0.003959524857017158 1
 0.0004399472063352398 0.0004399472063352398 0.0008798944126704796 0.0008798944126704796 0.001979762428508579 1
 0 0.0004399472063352398 0.0002199736031676199 0.0002199736031676199 0.0004399472063352398 1
 0.001099868015838099 0.001319841619005719 0.001539815222173339 0.0002199736031676199 0.002199736031676199 1
 0.09480862296524417 0.09546854377474703 0.0719313682358117 0.05125384953805543 0.0332160140783106 1
 0.007919049714034315 0.01297844258688957 0.01297844258688957 0.02265728112626485 0.02265728112626485 1
 0.04817421909370875 0.06819181698196217 0.08139023317201936 0.06093268807743071 0.08666959964804223 1
 0.001319841619005719 0.002639683238011439 0.0008798944126704796 0.003299604047514298 0.001539815222173339 1
 0.0002199736031676199 0 0.0002199736031676199 0 0.001979762428508579 1
 0.001979762428508579 0.002199736031676199 0.001319841619005719 0.002419709634843819 0.001319841619005719 1
 0.0002199736031676199 0 0 0.0004399472063352398 0 1
 0.009458864936207656 0.01055873295204575 0.009238891333040036 0.01451825780906291 0.01825780906291245 1
 0.02507699076110867 0.01957765068191817 0.01627804663440387 0.01605807303123625 0.01473823141223053 1
 0.001319841619005719 0.0008798944126704796 0.001759788825340959 0.001099868015838099 0.0008798944126704796 1
 0.0004399472063352398 0 0.009898812142542894 0.01319841619005719 0.01297844258688957 1
 0.0497140343158821 0.06225252969643643 0.08249010118785746 0.130224373075231 0.1663000439947206 1
 0.002859656841179059 0.003299604047514298 0.001539815222173339 0.002639683238011439 0.003079630444346678 1
 0.01297844258688957 0.01297844258688957 0.02265728112626485 0.02265728112626485 0.0497140343158821 1
 0.0006599208095028596 0.001099868015838099 0.001099868015838099 0.0004399472063352398 0.0008798944126704796 1
 0.003079630444346678 0.002639683238011439 0.004839419269687638 0.004399472063352398 0.002199736031676199 1
 0.005719313682358117 0.006159260888693356 0.009898812142542894 0.009678838539375276 0.01077870655521337 1
 0.009898812142542894 0.01099868015838099 0.008358996920369555 0.005059392872855257 0.004179498460184778 1
 0.002859656841179059 0.001539815222173339 0.003739551253849538 0.001979762428508579 0.0008798944126704796 1
 0.009458864936207656 0.01077870655521337 0.01495820501539815 0.01473823141223053 0.01869775626924769 1
 0.007479102507699076 0.005059392872855257 0.002639683238011439 0.001759788825340959 0.001979762428508579 1
 0.01055873295204575 0.009238891333040036 0.01451825780906291 0.01825780906291245 0.02463704355477343 1
 0.005939287285525737 0.007699076110866696 0.005499340079190497 0.001759788825340959 0.003739551253849538 1
 0.02771667399912011 0.01583809942806863 0.01055873295204575 0.007259128904531456 0.008358996920369555 1
 0.001979762428508579 0.003079630444346678 0.001319841619005719 0.0008798944126704796 0.001759788825340959 1
 0.001319841619005719 0.0008798944126704796 0.001759788825340959 0.001979762428508579 0.001319841619005719 1
 0.004179498460184778 0.003959524857017158 0.009678838539375276 0.01253849538055433 0.01297844258688957 1
 0 0 0.0002199736031676199 0.0002199736031676199 0.0002199736031676199 1
 0.009018917729872416 0.007039155301363837 0.005939287285525737 0.003959524857017158 0.003959524857017158 1
 0.1033875934887813 0.1236251649802024 0.1381434227892653 0.09568851737791464 0.0675318961724593 1
 0.01825780906291245 0.02463704355477343 0.05719313682358117 0.08095028596568411 0.08666959964804223 1
 0.0002199736031676199 0.0002199736031676199 0.0008798944126704796 0.0004399472063352398 0 1
 0.008798944126704795 0.005279366476022877 0.004839419269687638 0.003959524857017158 0.002419709634843819 1
 0 0.0002199736031676199 0 0.0004399472063352398 0 1
 0.0004399472063352398 0 0.0002199736031676199 0 0 1
 0.01011878574571051 0.008578970523537175 0.009238891333040036 0.007479102507699076 0.006599208095028597 1
 0 0.0006599208095028596 0.0004399472063352398 0.0002199736031676199 0.0004399472063352398 1
 0.03013638363396393 0.0321161460624725 0.0343158820941487 0.06445226572811262 0.0431148262208535 1
 0.0008798944126704796 0.003519577650681918 0.002419709634843819 0.002859656841179059 0.002199736031676199 1
 0.005719313682358117 0.006159260888693356 0.007919049714034315 0.005939287285525737 0.007039155301363837 1
 0 0.0002199736031676199 0 0.0006599208095028596 0.0004399472063352398 1
 0.0008798944126704796 0.0008798944126704796 0.001539815222173339 0.002199736031676199 0.0008798944126704796 1
 0.0686317641882974 0.1198856137263528 0.153321601407831 0.1783985921689397 0.2094148702155741 1
 0.002859656841179059 0.001979762428508579 0.0008798944126704796 0.001539815222173339 0.001319841619005719 1
 0.004179498460184778 0.001979762428508579 0.003079630444346678 0.001319841619005719 0.0008798944126704796 1
 0.01627804663440387 0.01605807303123625 0.01473823141223053 0.01495820501539815 0.01891772987241531 1
 0.001539815222173339 0.001539815222173339 0.0002199736031676199 0.0004399472063352398 0 1
 0.0006599208095028596 0.009238891333040036 0.007919049714034315 0.009018917729872416 0.007039155301363837 1
 0.08358996920369556 0.05499340079190497 0.03937527496700396 0.03585569731632204 0.03343598768147822 1
 0.004179498460184778 0.003079630444346678 0.001759788825340959 0.001539815222173339 0.001759788825340959 1
 0.5444346678398592 0.3216014078310603 0.2309722833260009 0.1280246370435548 0.09480862296524417 1
 0.01979762428508579 0.02705675318961724 0.03013638363396393 0.0321161460624725 0.0343158820941487 1
 0.05983282006159261 0.07611086669599648 0.08205015398152221 0.1031676198856137 0.1033875934887813 1
 0.0002199736031676199 0.0002199736031676199 0 0.0008798944126704796 0.0002199736031676199 1
 0.0008798944126704796 0.0008798944126704796 0.001979762428508579 0.0004399472063352398 0.0006599208095028596 1
 0.0004399472063352398 0 0 0.0002199736031676199 0 1
 0.1031676198856137 0.1033875934887813 0.1236251649802024 0.1381434227892653 0.09568851737791464 1
 0.001759788825340959 0.001979762428508579 0.001319841619005719 0.001539815222173339 0.001759788825340959 1


