# Created by Octave 3.8.0, Mon Oct 05 17:06:31 2015 BRT <marcelomtoledo@Marcelos-MacBook-Pro.local>
# name: X
# type: matrix
# rows: 675
# columns: 6
 0.01473823141223053 0.01869775626924769 0.02463704355477343 0.02199736031676199 0.0310162780466344 1
 0.005499340079190497 0.001759788825340959 0.003079630444346678 0.003079630444346678 0.002199736031676199 1
 0.01847778266608007 0.01715794104707435 0.02155741311042675 0.01517817861856577 0.01649802023757149 1
 0.008578970523537175 0.009458864936207656 0.005719313682358117 0.005279366476022877 0.004399472063352398 1
 0.0431148262208535 0.03167619885613726 0.01605807303123625 0.007479102507699076 0.005059392872855257 1
 0.001759788825340959 0.002859656841179059 0.001319841619005719 0.002639683238011439 0.0008798944126704796 1
 0.0008798944126704796 0.001979762428508579 0.0004399472063352398 0.0006599208095028596 0.0004399472063352398 1
 0.002859656841179059 0.001319841619005719 0.002639683238011439 0.0008798944126704796 0.003299604047514298 1
 0.08249010118785746 0.130224373075231 0.1663000439947206 0.2771667399912011 0.4359876814782226 1
 0.002639683238011439 0.004399472063352398 0.003299604047514298 0.002199736031676199 0.003079630444346678 1
 0.0008798944126704796 0.0008798944126704796 0.0006599208095028596 0.0002199736031676199 0.0002199736031676199 1
 0.005279366476022877 0.003959524857017158 0.004179498460184778 0.006599208095028597 0.01363836339639243 1
 0.0008798944126704796 0.0008798944126704796 0.0002199736031676199 0 0.0002199736031676199 1
 0.007039155301363837 0.008578970523537175 0.007259128904531456 0.004839419269687638 0.001759788825340959 1
 0.0002199736031676199 0 0 0.001759788825340959 0.002859656841179059 1
 0.001099868015838099 0.0004399472063352398 0.0008798944126704796 0.001099868015838099 0.001099868015838099 1
 0.003299604047514298 0.001539815222173339 0.002639683238011439 0.003079630444346678 0.001539815222173339 1
 0.001319841619005719 0.001539815222173339 0.0002199736031676199 0.002199736031676199 0.001539815222173339 1
 0.0008798944126704796 0.0006599208095028596 0.004839419269687638 0.007699076110866696 0.009458864936207656 1
 0.07809062912450505 0.08732952045754509 0.0996480422349318 0.08908930928288605 0.08468983721953366 1
 0.006599208095028597 0.009458864936207656 0.01077870655521337 0.01341838979322481 0.01869775626924769 1
 0.0004399472063352398 0.0002199736031676199 0.0002199736031676199 0.0002199736031676199 0 1
 0.005719313682358117 0.005719313682358117 0.007039155301363837 0.005939287285525737 0.002199736031676199 1
 0.002639683238011439 0.0008798944126704796 0.003299604047514298 0.001539815222173339 0.003299604047514298 1
 0.0002199736031676199 0.0004399472063352398 0.0008798944126704796 0.0008798944126704796 0.0002199736031676199 1
 0.003959524857017158 0.003959524857017158 0.005059392872855257 0.005499340079190497 0.001759788825340959 1
 0.01363836339639243 0.01495820501539815 0.002419709634843819 0 0.006599208095028597 1
 0.001759788825340959 0.0006599208095028596 0.001319841619005719 0.0008798944126704796 0.001759788825340959 1
 0.02705675318961724 0.03013638363396393 0.0321161460624725 0.0343158820941487 0.06445226572811262 1
 0.02199736031676199 0.0310162780466344 0.0354157501099868 0.03937527496700396 0.02793664760228773 1
 0.001539815222173339 0.001319841619005719 0.001319841619005719 0.0008798944126704796 0.0002199736031676199 1
 0.0002199736031676199 0.0002199736031676199 0.0002199736031676199 0.0008798944126704796 0.0004399472063352398 1
 0.0004399472063352398 0.009458864936207656 0.01055873295204575 0.009238891333040036 0.01451825780906291 1
 0.02199736031676199 0.0310162780466344 0.0354157501099868 0.03937527496700396 0.02793664760228773 1
 0.004839419269687638 0.004399472063352398 0.002199736031676199 0.001759788825340959 0.002199736031676199 1
 0.006379234491860977 0.001979762428508579 0.001979762428508579 0.001319841619005719 0.001319841619005719 1
 0 0.0002199736031676199 0 0.001979762428508579 0.001979762428508579 1
 0.009678838539375276 0.01077870655521337 0.009238891333040036 0.01363836339639243 0.01231852177738671 1
 0.1280246370435548 0.09480862296524417 0.09546854377474703 0.0719313682358117 0.05125384953805543 1
 0.003299604047514298 0.002199736031676199 0.003079630444346678 0.0006599208095028596 0.001099868015838099 1
 0.002199736031676199 0.001979762428508579 0.0006599208095028596 0.001539815222173339 0.002859656841179059 1
 0.0006599208095028596 0.001319841619005719 0.0004399472063352398 0.001539815222173339 0.0004399472063352398 1
 0.003519577650681918 0.003959524857017158 0.004619445666520018 0.001979762428508579 0.006819181698196217 1
 0 0.004839419269687638 0.007699076110866696 0.009458864936207656 0.01077870655521337 1
 0.002199736031676199 0.001979762428508579 0.002199736031676199 0.001319841619005719 0.002419709634843819 1
 0.005499340079190497 0.007919049714034315 0.01363836339639243 0.01495820501539815 0.002419709634843819 1
 0.001759788825340959 0.003079630444346678 0.003079630444346678 0.002199736031676199 0.002419709634843819 1
 0.02155741311042675 0.02067751869775627 0.01253849538055433 0.009678838539375276 0.005059392872855257 1
 0.009238891333040036 0.01363836339639243 0.01231852177738671 0.009238891333040036 0.003959524857017158 1
 0.001099868015838099 0.0008798944126704796 0.0006599208095028596 0.001539815222173339 0.001539815222173339 1
 0.0004399472063352398 0.0004399472063352398 0.0002199736031676199 0 0 1
 0 0.0006599208095028596 0.0006599208095028596 0.0002199736031676199 0.0002199736031676199 1
 0 0.0002199736031676199 0 0 0.0002199736031676199 1
 0.001759788825340959 0.002859656841179059 0.001979762428508579 0.0008798944126704796 0.001539815222173339 1
 0.0004399472063352398 0 0.0004399472063352398 0.0002199736031676199 0.001319841619005719 1
 0.003079630444346678 0.001319841619005719 0.0008798944126704796 0.001759788825340959 0.001099868015838099 1
 0.0354157501099868 0.03937527496700396 0.02793664760228773 0.01385833699956005 0.01385833699956005 1
 0.001979762428508579 0.001979762428508579 0.002419709634843819 0.003299604047514298 0.003519577650681918 1
 0.05059392872855258 0.0409150901891773 0.05983282006159261 0.07611086669599648 0.08205015398152221 1
 0.7021557413110426 1 0.8534975802903652 0.7461504619445667 0.5182578090629124 1
 0.005499340079190497 0.007699076110866696 0.01187857457105147 0.01869775626924769 0.02375714914210295 1
 0.01407831060272767 0.009458864936207656 0.009458864936207656 0.006159260888693356 0.003959524857017158 1
 0.03167619885613726 0.01605807303123625 0.007479102507699076 0.005059392872855257 0.002639683238011439 1
 0.005719313682358117 0.005279366476022877 0.004399472063352398 0.005939287285525737 0.003739551253849538 1
 0.03695556533216014 0.05455345358556973 0.05807303123625165 0.07809062912450505 0.08732952045754509 1
 0.005059392872855257 0.005499340079190497 0.001759788825340959 0.003079630444346678 0.003079630444346678 1
 0.03937527496700396 0.03585569731632204 0.03343598768147822 0.02529696436427629 0.01495820501539815 1
 0.0008798944126704796 0 0.0002199736031676199 0.0006599208095028596 0.001099868015838099 1
 0.001539815222173339 0.002639683238011439 0.003959524857017158 0.006159260888693356 0.006599208095028597 1
 0 0 0.0002199736031676199 0 0.0002199736031676199 1
 0.001979762428508579 0.001539815222173339 0.007699076110866696 0.008578970523537175 0.01011878574571051 1
 0.0004399472063352398 0 0.0002199736031676199 0.0002199736031676199 0 1
 0.01363836339639243 0.009898812142542894 0.01099868015838099 0.008358996920369555 0.005059392872855257 1
 0.03299604047514298 0.04465464144302684 0.04817421909370875 0.06819181698196217 0.08139023317201936 1
 0.005059392872855257 0.002639683238011439 0.001759788825340959 0.001979762428508579 0.001319841619005719 1
 0.01473823141223053 0.01869775626924769 0.02463704355477343 0.02199736031676199 0.0310162780466344 1
 0.005499340079190497 0.001759788825340959 0.003079630444346678 0.003079630444346678 0.002199736031676199 1
