# Created by Octave 3.8.0, Mon Oct 05 17:06:31 2015 BRT <marcelomtoledo@Marcelos-MacBook-Pro.local>
# name: X
# type: matrix
# rows: 76
# columns: 6
 0.006819181698196217 0.007919049714034315 0.01297844258688957 0.01297844258688957 0.02265728112626485 1
 0.03123625164980202 0.03167619885613726 0.026616805983282 0.04663440387153542 0.03299604047514298 1
 0.0002199736031676199 0 0.0006599208095028596 0 0.0002199736031676199 1
 0.001539815222173339 0.001539815222173339 0.001979762428508579 0.002859656841179059 0.002199736031676199 1
 0 0.006599208095028597 0.01077870655521337 0.01011878574571051 0.008578970523537175 1
 0.0002199736031676199 0.0002199736031676199 0.0004399472063352398 0.0002199736031676199 0.0002199736031676199 1
 0.009678838539375276 0.008578970523537175 0.009458864936207656 0.005719313682358117 0.005279366476022877 1
 0.0004399472063352398 0 0 0.0002199736031676199 0 1
 0.07611086669599648 0.08205015398152221 0.1031676198856137 0.1033875934887813 0.1236251649802024 1
 0 0 0 0.0006599208095028596 0 1
 0.005279366476022877 0.004839419269687638 0.003959524857017158 0.002419709634843819 0.002859656841179059 1
 0.004839419269687638 0.001759788825340959 0.002859656841179059 0.001979762428508579 0.0008798944126704796 1
 0 0 0.0004399472063352398 0 0 1
 0.002859656841179059 0.002199736031676199 0.001319841619005719 0.002419709634843819 0.001759788825340959 1
 0.01517817861856577 0.01759788825340959 0.01847778266608007 0.01715794104707435 0.02155741311042675 1
 0.009898812142542894 0.01319841619005719 0.01297844258688957 0.01913770347558293 0.03277606687197536 1
 0.002199736031676199 0.001759788825340959 0.0006599208095028596 0.001539815222173339 0.001539815222173339 1
 0.007699076110866696 0.009458864936207656 0.01077870655521337 0.01495820501539815 0.01473823141223053 1
 0.001539815222173339 0.003739551253849538 0.001979762428508579 0.0008798944126704796 0.001319841619005719 1
 0.05455345358556973 0.05807303123625165 0.07809062912450505 0.08732952045754509 0.0996480422349318 1
 0.0002199736031676199 0.0002199736031676199 0 0.0002199736031676199 0 1
 0.002199736031676199 0.001319841619005719 0.002419709634843819 0.001319841619005719 0.001979762428508579 1
 0.02463704355477343 0.02199736031676199 0.0310162780466344 0.0354157501099868 0.03937527496700396 1
 0.02133743950725913 0.009898812142542894 0.006379234491860977 0.005939287285525737 0.007919049714034315 1
 0.0002199736031676199 0.001099868015838099 0.0006599208095028596 0.009238891333040036 0.007919049714034315 1
 0.8534975802903652 0.7461504619445667 0.5182578090629124 0.5444346678398592 0.3216014078310603 1
 0.0002199736031676199 0.0002199736031676199 0 0 0.001759788825340959 1
 0.1663000439947206 0.2771667399912011 0.4359876814782226 0.5235371755389353 0.7021557413110426 1
 0.001759788825340959 0.001099868015838099 0.0008798944126704796 0.0006599208095028596 0.001539815222173339 1
 0.01297844258688957 0.02265728112626485 0.02265728112626485 0.0497140343158821 0.06225252969643643 1
 0.008139023317201935 0.005499340079190497 0.007699076110866696 0.01187857457105147 0.01869775626924769 1
 0.03299604047514298 0.02507699076110867 0.02309722833260009 0.02155741311042675 0.02067751869775627 1
 0.005059392872855257 0.004179498460184778 0.001979762428508579 0.003079630444346678 0.001319841619005719 1
 0.026616805983282 0.04663440387153542 0.03299604047514298 0.02507699076110867 0.02309722833260009 1
 0.0006599208095028596 0.004839419269687638 0.007699076110866696 0.009458864936207656 0.01077870655521337 1
 0.01649802023757149 0.02089749230092389 0.02265728112626485 0.03079630444346678 0.03497580290365156 1
 0 0 0.001759788825340959 0.002859656841179059 0.003519577650681918 1
 0.08666959964804223 0.09546854377474703 0.08358996920369556 0.05499340079190497 0.03937527496700396 1
 0.0008798944126704796 0.0004399472063352398 0 0.0006599208095028596 0.0004399472063352398 1
 0.03607567091948966 0.02551693796744391 0.01385833699956005 0.008139023317201935 0.005499340079190497 1
 0.001099868015838099 0.001099868015838099 0.001099868015838099 0.001319841619005719 0.0004399472063352398 1
 0.001979762428508579 0.0006599208095028596 0.0002199736031676199 0.0004399472063352398 0.0004399472063352398 1
 0.0008798944126704796 0.0006599208095028596 0.001539815222173339 0.001539815222173339 0.0002199736031676199 1
 0.001319841619005719 0.0008798944126704796 0.0002199736031676199 0.001099868015838099 0.001979762428508579 1
 0.001539815222173339 0.0002199736031676199 0.0004399472063352398 0 0 1
 0.01077870655521337 0.009238891333040036 0.01363836339639243 0.01231852177738671 0.009238891333040036 1
 0.0004399472063352398 0.0008798944126704796 0.0004399472063352398 0 0.0006599208095028596 1
 0.003959524857017158 0.003959524857017158 0.005719313682358117 0.006159260888693356 0.009898812142542894 1
 0.0004399472063352398 0 0.0006599208095028596 0.0006599208095028596 0.0002199736031676199 1
 0.001539815222173339 0.001759788825340959 0.001319841619005719 0.001099868015838099 0.001099868015838099 1
 0 0.0008798944126704796 0.0002199736031676199 0.001099868015838099 0.0006599208095028596 1
 0.08666959964804223 0.0686317641882974 0.1198856137263528 0.153321601407831 0.1783985921689397 1
 0.001319841619005719 0.001539815222173339 0.001759788825340959 0.001539815222173339 0.001319841619005719 1
 0 0.0004399472063352398 0.0002199736031676199 0.001319841619005719 0.0004399472063352398 1
 0.004839419269687638 0.005939287285525737 0.006159260888693356 0.004179498460184778 0.003959524857017158 1
 0.001319841619005719 0.0004399472063352398 0.0008798944126704796 0.001099868015838099 0.0002199736031676199 1
 0.001759788825340959 0.01121865376154861 0.01451825780906291 0.01319841619005719 0.01407831060272767 1
 0.0002199736031676199 0.0004399472063352398 0 0 0.0002199736031676199 1
 0.0006599208095028596 0.0002199736031676199 0.0002199736031676199 0 0.0002199736031676199 1
 0.04487461504619446 0.03607567091948966 0.03123625164980202 0.03167619885613726 0.026616805983282 1
 0.008578970523537175 0.007259128904531456 0.004839419269687638 0.001759788825340959 0.002859656841179059 1
 0.0006599208095028596 0.001539815222173339 0.001539815222173339 0.0002199736031676199 0.0004399472063352398 1
 0.003079630444346678 0.001319841619005719 0.0008798944126704796 0.001759788825340959 0.001099868015838099 1
 0.01605807303123625 0.007479102507699076 0.005059392872855257 0.002639683238011439 0.001759788825340959 1
 0.004179498460184778 0.004399472063352398 0.002859656841179059 0.001759788825340959 0.01121865376154861 1
 0.01297844258688957 0.01033875934887813 0.01121865376154861 0.008798944126704795 0.005279366476022877 1
 0.001539815222173339 0.0004399472063352398 0 0.0004399472063352398 0.0002199736031676199 1
 0.0004399472063352398 0 0.0004399472063352398 0.0002199736031676199 0.0008798944126704796 1
 0.01495820501539815 0.01473823141223053 0.01869775626924769 0.02463704355477343 0.02199736031676199 1
 0.002419709634843819 0.005279366476022877 0.003959524857017158 0.004179498460184778 0.006599208095028597 1
 0 0.0004399472063352398 0 0 0.0002199736031676199 1
 0.003299604047514298 0.001539815222173339 0.003299604047514298 0.0008798944126704796 0.003739551253849538 1
 0.003079630444346678 0.003519577650681918 0.004179498460184778 0.004399472063352398 0.002859656841179059 1
 0.005059392872855257 0.006379234491860977 0.001979762428508579 0.001979762428508579 0.001319841619005719 1
 0.001539815222173339 0.001759788825340959 0.001539815222173339 0.001319841619005719 0.0008798944126704796 1
 0.0008798944126704796 0.0008798944126704796 0.0008798944126704796 0.001539815222173339 0.002199736031676199 1


