# Created by Octave 3.8.0, Mon Oct 05 17:06:31 2015 BRT <marcelomtoledo@Marcelos-MacBook-Pro.local>
# name: X
# type: matrix
# rows: 675
# columns: 6
 0.005499340079190497 0.005719313682358117 0.003079630444346678 0.002639683238011439 0.004839419269687638 1
 0.0002199736031676199 0 0.0002199736031676199 0 0.004839419269687638 1
 0.01363836339639243 0.02067751869775627 0.01979762428508579 0.02705675318961724 0.03013638363396393 1
 0.02309722833260009 0.01407831060272767 0.009458864936207656 0.009458864936207656 0.006159260888693356 1
 0.008358996920369555 0.005059392872855257 0.004179498460184778 0.001979762428508579 0.003079630444346678 1
 0.004839419269687638 0.007699076110866696 0.009458864936207656 0.01077870655521337 0.01495820501539815 1
 0 0.0002199736031676199 0 0.0002199736031676199 0.0002199736031676199 1
 0.009238891333040036 0.007479102507699076 0.006599208095028597 0.009458864936207656 0.01077870655521337 1
 0.003739551253849538 0.005719313682358117 0.005499340079190497 0.007919049714034315 0.01363836339639243 1
 0.007039155301363837 0.003299604047514298 0.003519577650681918 0.003299604047514298 0.001099868015838099 1
 0 0.009898812142542894 0.01319841619005719 0.01297844258688957 0.01913770347558293 1
 0.001319841619005719 0.001099868015838099 0.001319841619005719 0.001539815222173339 0.0002199736031676199 1
 0.005939287285525737 0.006159260888693356 0.004179498460184778 0.003959524857017158 0.009678838539375276 1
 0.02463704355477343 0.02199736031676199 0.0310162780466344 0.0354157501099868 0.03937527496700396 1
 0.01451825780906291 0.01319841619005719 0.01407831060272767 0.02529696436427629 0.02529696436427629 1
 0 0.0002199736031676199 0 0.0002199736031676199 0.0004399472063352398 1
 0.0004399472063352398 0 0 0.0002199736031676199 0.0002199736031676199 1
 0.08908930928288605 0.08468983721953366 0.0620325560932688 0.03607567091948966 0.02551693796744391 1
 0.001759788825340959 0.001319841619005719 0.001099868015838099 0.001099868015838099 0.002199736031676199 1
 0.01077870655521337 0.01341838979322481 0.01869775626924769 0.01649802023757149 0.02089749230092389 1
 0 0 0.0002199736031676199 0 0.0006599208095028596 1
 0.01957765068191817 0.01627804663440387 0.01605807303123625 0.01473823141223053 0.01495820501539815 1
 0.01517817861856577 0.01649802023757149 0.03299604047514298 0.04465464144302684 0.04817421909370875 1
 0 0 0.0004399472063352398 0 0.0002199736031676199 1
 0.01363836339639243 0.01231852177738671 0.009238891333040036 0.003959524857017158 0.007039155301363837 1
 0.0002199736031676199 0.002199736031676199 0.001539815222173339 0.002199736031676199 0.001319841619005719 1
 0.0004399472063352398 0.0006599208095028596 0.0002199736031676199 0.0006599208095028596 0 1
 0.001979762428508579 0.001099868015838099 0.001319841619005719 0.001099868015838099 0.001319841619005719 1
 0.2094148702155741 0.1236251649802024 0.1260448746150462 0.166080070391553 0.1396832380114386 1
 0.0008798944126704796 0.0004399472063352398 0.009458864936207656 0.01055873295204575 0.009238891333040036 1
 0.09590849098108227 0.04553453585569732 0.03189617245930489 0.02771667399912011 0.01583809942806863 1
 0.009238891333040036 0.007919049714034315 0.009018917729872416 0.007039155301363837 0.005939287285525737 1
 0.003959524857017158 0.005059392872855257 0.005499340079190497 0.001759788825340959 0.003079630444346678 1
 0.0002199736031676199 0.0004399472063352398 0.0002199736031676199 0.0002199736031676199 0.0002199736031676199 1
 0.2309722833260009 0.1280246370435548 0.09480862296524417 0.09546854377474703 0.0719313682358117 1
 0.01121865376154861 0.01451825780906291 0.01319841619005719 0.01407831060272767 0.02529696436427629 1
 0.005939287285525737 0.003959524857017158 0.003959524857017158 0.005719313682358117 0.006159260888693356 1
 0.02375714914210295 0.03695556533216014 0.05455345358556973 0.05807303123625165 0.07809062912450505 1
 0.0006599208095028596 0.001099868015838099 0.001319841619005719 0.0006599208095028596 0.001539815222173339 1
 0.0006599208095028596 0.002419709634843819 0.001759788825340959 0.0004399472063352398 0.002639683238011439 1
 0.004619445666520018 0.003959524857017158 0.006599208095028597 0.002859656841179059 0.001539815222173339 1
 0.0008798944126704796 0.001759788825340959 0.001099868015838099 0.0008798944126704796 0.0006599208095028596 1
 0.0008798944126704796 0.003299604047514298 0.001539815222173339 0.003299604047514298 0.0008798944126704796 1
 0.0004399472063352398 0.0004399472063352398 0.003739551253849538 0.003299604047514298 0.004619445666520018 1
 0.0002199736031676199 0.001319841619005719 0.0004399472063352398 0.0008798944126704796 0.0004399472063352398 1
 0.002419709634843819 0.001319841619005719 0.001979762428508579 0.001979762428508579 0.002419709634843819 1
 0.0002199736031676199 0 0.0004399472063352398 0.0002199736031676199 0.0002199736031676199 1
 0.001979762428508579 0.002859656841179059 0.002199736031676199 0.002419709634843819 0.001099868015838099 1
 0.0002199736031676199 0.0002199736031676199 0.0004399472063352398 0.0002199736031676199 0.0002199736031676199 1
 0.0006599208095028596 0.001539815222173339 0.001539815222173339 0.0002199736031676199 0.0004399472063352398 1
 0.01187857457105147 0.01869775626924769 0.02375714914210295 0.03695556533216014 0.05455345358556973 1
 0.02067751869775627 0.01979762428508579 0.02705675318961724 0.03013638363396393 0.0321161460624725 1
 0 0.0004399472063352398 0 0.0004399472063352398 0.0002199736031676199 1
 0.009458864936207656 0.006159260888693356 0.003959524857017158 0.003959524857017158 0.005059392872855257 1
 0.0006599208095028596 0 0.0002199736031676199 0 0 1
 0.1381434227892653 0.09568851737791464 0.0675318961724593 0.05169379674439067 0.02903651561812582 1
 0 0.0002199736031676199 0 0.0002199736031676199 0 1
 0.0004399472063352398 0.0008798944126704796 0.0008798944126704796 0.0002199736031676199 0 1
 0.01363836339639243 0.009898812142542894 0.01099868015838099 0.008358996920369555 0.005059392872855257 1
 0.02463704355477343 0.05719313682358117 0.08095028596568411 0.08666959964804223 0.0686317641882974 1
 0.01319841619005719 0.01407831060272767 0.02529696436427629 0.02529696436427629 0.03079630444346678 1
 0.0730312362516498 0.04487461504619446 0.03607567091948966 0.03123625164980202 0.03167619885613726 1
 0.0004399472063352398 0.0006599208095028596 0.0002199736031676199 0.0002199736031676199 0.0002199736031676199 1
 0.01077870655521337 0.01011878574571051 0.008578970523537175 0.009238891333040036 0.007479102507699076 1
 0.002199736031676199 0.001759788825340959 0.002199736031676199 0.001979762428508579 0.0006599208095028596 1
 0.01869775626924769 0.02463704355477343 0.02199736031676199 0.0310162780466344 0.0354157501099868 1
 0.001319841619005719 0.001759788825340959 0.002859656841179059 0.001319841619005719 0.002639683238011439 1
 0.001759788825340959 0.002199736031676199 0.001979762428508579 0.0006599208095028596 0.001539815222173339 1
 0.002639683238011439 0.001319841619005719 0.001319841619005719 0.001759788825340959 0.001539815222173339 1
 0.0004399472063352398 0.0008798944126704796 0.0006599208095028596 0.004839419269687638 0.007699076110866696 1
 0.001759788825340959 0.0004399472063352398 0.002639683238011439 0.001319841619005719 0.001319841619005719 1
 0.01385833699956005 0.01385833699956005 0.01363836339639243 0.009898812142542894 0.01099868015838099 1
 0.002199736031676199 0.001319841619005719 0.002419709634843819 0.001759788825340959 0.0006599208095028596 1
 0.001099868015838099 0.001759788825340959 0.0006599208095028596 0.001319841619005719 0.0008798944126704796 1
 0.003959524857017158 0.007039155301363837 0.003299604047514298 0.003519577650681918 0.003299604047514298 1
 0.005499340079190497 0.005719313682358117 0.003079630444346678 0.002639683238011439 0.004839419269687638 1
 0.0002199736031676199 0 0.0002199736031676199 0 0.004839419269687638 1
 0.01363836339639243 0.02067751869775627 0.01979762428508579 0.02705675318961724 0.03013638363396393 1
