# Created by Octave 3.8.0, Mon Oct 05 01:01:13 2015 BRT <marcelomtoledo@Marcelos-MacBook-Pro.local>
# name: w1
# type: matrix
# rows: 13
# columns: 6
 0.02820493362691207 0.06674557563587744 -0.04348622469868652 0.03860382943113649 0.002535799568335093 0.08044991629082573
 -0.08848168570428851 0.03984235714544729 0.006005300255302798 -0.009979533260261589 -0.033494970598044 0.09257258020930845
 0.0952044666595537 0.07171105443247935 -0.0954551470697264 0.08087407473077046 0.09295673301560323 0.01626047738597396
 -0.08974459176795872 -0.008154057098865727 0.04303892817858868 0.0498925340398953 0.009768824655488964 -0.04009449016461774
 0.09495703594208901 0.03421777848334762 0.02640653407859267 0.01199996170379396 -0.007720719505166007 0.0006991618274414246
 0.07062219111699355 0.09453955587208204 0.06406449450974755 -0.07434227071462364 0.09042858509738996 0.04447096960521715
 0.009348986458209835 -0.09382335872919116 -0.05308760992765246 -0.04657824356372952 -0.005699797935730624 0.06305925373703916
 -0.02310188401558552 0.01376715080227968 -0.03910266668515247 -0.09571649983868089 0.05028470514549546 -0.009543523299713405
 -0.009091155995306133 -0.06462344532697442 0.09035004039018962 0.08535446233917934 0.01038239112803167 -0.06780885909210224
 -0.06688761023550222 -0.07642112687154624 -0.03253913602413688 -0.04048578789562395 0.05080099984982459 -0.07691265850023252
 -0.04364091836423735 -0.06466452472402651 0.06230508796233003 0.0456152157186053 0.0433309356120008 0.08008060960657726
 0.09027534209328392 0.06035460071472784 0.06398590303780188 0.01909053199026356 0.06339909119200501 -0.06468373537914046
 -0.02003053179578768 0.03146199162693147 0.0216848874764641 0.04520939111748998 -0.001070671095095871 0.06310476491484343


