# Created by Octave 3.8.0, Mon Oct 05 00:45:50 2015 BRT <marcelomtoledo@Marcelos-MacBook-Pro.local>
# name: w1
# type: matrix
# rows: 13
# columns: 6
 0.06906434725858909 0.02589988217835365 -0.08279526375205683 0.03700009397528339 -0.004582917300322994 0.01371803622995985
 -0.08782944092552364 -0.02091711649533147 -0.01614972306643979 0.006630317098057198 -0.07593282807424166 0.05552709929017216
 -0.07108258986081108 -0.0464281117203334 -0.03036293907473772 0.04997982851556398 -0.09558782690859281 -0.006072405130005634
 0.09471302536437651 -0.01438877052868746 -0.01245021815519906 -0.03532151933881254 -0.08006862487987036 0.0930790086006594
 -0.04834784641167512 0.09644673182308344 0.01034958506298067 -0.04020268313326311 -0.01923427930845184 0.08746780876360002
 -0.03126865909792018 0.05470060414247169 -0.04438425268949492 0.01619762942038687 0.01351843524024221 0.06986032638669276
 -0.01892642801544503 0.07099428631297405 -0.001125106360665262 -0.05965328372330207 0.02818900708944572 0.07745440433542072
 0.08939729380518671 0.03345943170909513 0.06080352886505533 -0.08481899701203796 -0.0642624407082836 0.03182459504392879
 0.02204688752477593 -0.09586036996260727 0.04797769533086779 0.09427138035757573 -0.08218667825365035 -0.02256261859818148
 0.07316352423800396 0.01104743459846425 -0.03973807577164649 -0.03414047753505783 0.09330646475729865 0.05267140063333262
 -0.09530342467763775 -0.02297441337566314 0.005210940131133629 -0.003717780496844875 -0.02870111846180706 -0.08953029493015902
 -0.09856455802930139 -0.06888830424248082 0.07089101915196727 -0.041679283571752 0.003737867814199561 -0.08526367169461668
 -0.08460471533780486 -0.03022024776960554 0.05538375069258517 0.0972731862370135 -0.05760943537186133 0.0953081143275146


