# Created by Octave 3.8.0, Mon Oct 05 00:47:49 2015 BRT <marcelomtoledo@Marcelos-MacBook-Pro.local>
# name: w1
# type: matrix
# rows: 13
# columns: 6
 0.0005239052103689634 0.09471188928892574 0.05114457539940798 0.03147950872978506 0.02085913315802743 0.0851848137680021
 0.007240164461644036 -0.07952087715628225 -0.02762734471471404 -0.08336346279387057 0.02090708251684222 0.004319947829719228
 0.06269964568449363 0.08699523027594308 -0.02512709764336456 -0.01608148274026432 -0.002681126347031576 0.03277163955344162
 0.0814096438377781 0.03682913970778692 0.04662245872071777 0.03570685615954644 -0.001790303740398624 -0.03003145106038994
 0.03179923337708077 0.02073082228861818 -0.09692740398179715 0.08610881993053002 0.01821183966223397 0.0138720506373768
 -0.08643966660831681 -0.02777387399664775 0.07604162083263521 -0.09606336073948314 0.01820127357259919 -0.01389890820323723
 -0.09776453159885121 -0.02042204354153157 -0.04883970324845258 -0.01360078999263054 0.04958180631842948 0.05108957965574212
 -0.02377414809002533 0.06756009305609145 0.09864002636635219 -0.08796200751860085 0.01774405268003298 0.0006199043253762859
 -0.09768889607462936 -0.03123497608218011 -0.05434748033468337 -0.02955465181607969 0.05096248435845083 -0.0220912537133293
 -0.02303545481593944 -0.06268369123322767 -0.08155158791926699 -0.02841683066243574 0.09164399787071542 0.02839561885416944
 -0.006642915615993117 0.01009735980771909 -0.0305786770014814 -0.08494820680514667 -0.0712320437886334 0.07443308149526903
 0.07398624482758795 -0.02408027494305362 0.04408884285345208 -0.06517937473395694 0.0761695304801204 -0.05892101312189943
 -0.08290212998472621 -0.05214904570320002 0.04224083962630504 0.01324489686824444 0.02477053706951726 -0.08566580601236155


