# Created by Octave 3.8.0, Mon Oct 05 00:49:39 2015 BRT <marcelomtoledo@Marcelos-MacBook-Pro.local>
# name: w1
# type: matrix
# rows: 13
# columns: 6
 -0.01566338435066571 0.0007174337689381388 -0.05671168945916884 0.07264862413187081 -0.07872416641692974 0.05964392420190176
 -0.02512599075544954 -0.03443678096507091 -0.02080142109139319 0.06980544114036952 -0.01663489430843129 0.07810291662831251
 -0.01876101380720084 -0.0172258335952091 -0.09058186088549355 0.04044131435959361 0.06729180345358696 0.01396839756522761
 -0.04907624672631036 -0.01409917428539958 0.03152439814891297 0.03146139829084993 0.08069543378771293 -0.005366410967650795
 0.09614801152085534 -0.07368610491821936 0.001634053399663132 0.08331633381416412 -0.01315239532306361 0.06684529692861513
 -0.01219606958591671 0.01606486024186304 0.07931383037703174 0.002991500021195609 -0.02971532591810197 0.05097367451617668
 -0.05017019552762186 0.03212314650644602 -0.04929531196195113 -0.04988453333903541 0.0335960097149097 -0.08443122918175866
 0.02339263539088758 0.06738259640245242 0.03192888822321421 -0.06556258380910197 0.0684312632116231 -0.07371666704186357
 0.01376638432556603 -0.06992869819422588 0.03536514585506439 0.05090665428939187 -0.003361114340793392 -0.08768485770674994
 0.005037381006500113 -0.01245109313602412 -0.09964720585057529 -0.07267142339910498 0.08163131898800985 -0.03635918109925881
 -0.08983467730083949 0.0592238200493467 0.01510063382436917 -0.05301285515451041 0.02982925131770156 0.004627277798135654
 -0.09140784232657351 0.06200435604258467 0.09703409949632066 0.08361568742847322 0.04582203558711503 -0.04698293931058409
 -0.02629278885025831 0.0844064864660978 -0.08510043853195431 0.09946914022864911 0.02934974678234287 -0.01562102595107331


