# Created by Octave 3.8.0, Mon Oct 05 00:51:42 2015 BRT <marcelomtoledo@Marcelos-MacBook-Pro.local>
# name: w1
# type: matrix
# rows: 13
# columns: 6
 -0.00621497541135646 -0.03165118258804916 0.06107854530772294 0.005682992455231184 -0.06523479131934665 0.0251470655918494
 0.07293826397581071 0.00750874771387966 -0.01519792145716838 -0.0903818862017346 -0.04236260484431133 -0.05340532406226483
 0.04950008685617821 -0.02783985924030391 0.03738964011057005 0.01601271774680572 -0.06205306110189756 0.09230744402568686
 0.0003228569503261891 0.09592003538397251 -0.01892287333532286 0.07219466609604105 0.04427102241183059 -0.02718614918906467
 -0.02260672485947196 -0.07945020236526602 -0.04566714664865578 -0.0770760366230302 0.08004825718680039 0.01107832754043507
 0.02194127934706606 0.09261800863686373 -0.05497467620894673 0.02970273818824518 -0.09137027239480659 -0.04394267249041178
 -0.07832543590193498 0.009180386429912951 0.04834222567693919 0.08316749067364682 0.02841427172588856 0.06349277308245138
 0.007514211335486617 0.02811401623928572 0.05758765875941937 0.01998024980779882 0.03742447776110847 0.06372310145620141
 0.03103154880844111 0.08559934542836356 -0.006695577892164364 -0.08718515460694021 -0.09424704085014636 -0.0732749810916557
 -0.003194660930750548 0.06466351850313487 0.0621048477303941 -0.01996174070477891 0.06542995174648242 0.01511681223982012
 0.05694343778325109 0.08719680647766784 0.01931169905588437 0.09709069626692443 -0.09764305661597861 -0.04669405800703094
 0.08571196992519112 -0.06306917916819267 0.05576467350539691 -0.03717835810127491 0.0384962406134764 0.09199941829088062
 -0.08782817931172764 0.02785292414449017 0.03271528046783473 -0.02534627345870594 -0.03098019029480718 0.06246853074610118


