# Created by Octave 3.8.0, Mon Oct 05 00:53:42 2015 BRT <marcelomtoledo@Marcelos-MacBook-Pro.local>
# name: w1
# type: matrix
# rows: 13
# columns: 6
 0.09652846222039985 0.05195394795433414 -0.04290333443846991 -0.02449309949355515 -0.06883927844892572 -0.01384343470873411
 0.0669477087565884 -0.01091753546070082 -0.01749977829577304 -0.006868824514688496 0.0631898903272701 -0.005023864727773997
 -0.07530967206902277 -0.02523143868533222 -0.05051416355486954 -0.0009761388506879104 -0.02032892125465037 -0.05524287077659915
 0.00723532059067844 0.07990958225870098 -0.05580929519149428 0.0003933945297435459 0.03037320472874633 -0.05706851250047577
 0.08910067844048869 0.04919216070587545 0.09989820905964716 0.05928512986022774 -0.06164355607697371 0.05647442673663255
 0.03560763953809534 0.02823622902564077 0.0293925412508711 -0.03588946425468151 0.03484446752243592 -0.004057143430222732
 -0.03715976383657936 0.01062279259738448 -0.08532193135685151 0.09735538097975743 0.07383178777708366 0.02431684976672117
 -0.03335485309846754 0.07333283081930311 0.01957976897424188 0.04986407514741906 -0.08178969728647613 0.03702694459141015
 0.05678650267622945 -0.06312146577130517 -0.07005942649356402 0.02653379119809179 0.001573432240057043 -0.07194703385018952
 -0.01166649996497725 0.03047024362296524 0.04847042971058743 -0.06140165139797841 0.0921734042398519 0.03794204643948162
 -0.01030453304411547 0.08341974380255812 0.06353808836130961 -0.02976598276675867 0.08203563754289264 0.009960787167531196
 -0.07253277603180983 -0.07095686199984423 -0.06419849131347963 0.05622251359660538 -0.07159159260502179 0.08175299582783299
 -0.06942961603569064 0.0788172950765684 -0.07991193948154544 -0.005514850606013963 0.01350101748613231 -0.08983366159239903


