# Created by Octave 3.8.0, Mon Oct 05 00:53:56 2015 BRT <marcelomtoledo@Marcelos-MacBook-Pro.local>
# name: w1
# type: matrix
# rows: 13
# columns: 6
 0.005254175296392799 0.03033675038212955 -0.04680431899274854 0.08744774330704772 0.08439610482334006 0.0489109164118183
 -0.0342380436387057 0.06691080484088682 -0.02880280738367828 0.05880341280370291 -0.005655815488695967 0.009429431497054261
 -0.04036512426824995 -0.05988518013216801 -0.0401603008854296 -0.02116405259362607 0.03303762255179993 -0.03953210279461618
 0.08016635061836422 0.07933035727167836 0.07957637059520939 0.03921424703051968 -0.01849268462888574 0.0009393202405636736
 0.03445165734175187 0.004527583779926195 0.03541559206108474 -0.0813327713932505 0.01676244786651546 -0.0851213792623378
 0.01478804983546467 -0.04121046984506528 -0.07266024715889247 0.09042402945733904 0.05601837040089255 -0.05350348708403309
 0.03652385577656181 -0.05739166883617734 -0.09606995185831357 -0.07776429234215015 -0.01855447167862777 0.02592794508437196
 0.0728800328501748 0.07862985167669334 -0.009425310123934799 -0.03468056404876006 -0.02242198053686752 -0.09422621414870637
 -0.09016011315868615 -0.03345380406832896 -0.07533333594713332 0.05184350800472043 -0.0963674787351646 0.06879935093397224
 -0.08085223074229619 -0.0546528517838382 -0.05189121301771177 -0.09244403262946903 0.04497541062975982 0.006203702774073824
 -0.08034795374439091 -0.08316961323670202 0.08821854733720066 0.0453236674461979 0.09424989508423912 0.05199714554361598
 0.007528081446693993 -0.09449841505352469 -0.08908404574757123 0.02891382242059803 0.05764944672637945 -0.02724160369091401
 -0.05020048941574643 -0.06402439793664649 -0.0548500718853329 -0.06734561080564741 0.04896739780182557 -0.08961014932618838


