# Created by Octave 3.8.0, Mon Oct 05 00:56:00 2015 BRT <marcelomtoledo@Marcelos-MacBook-Pro.local>
# name: w1
# type: matrix
# rows: 13
# columns: 6
 0.0581991456921791 0.06047908466826366 0.07393567132315859 0.02131978438210065 0.0481871918175818 -0.04391993930001595
 0.09722813429714589 0.003556192893269958 -0.04505778285949868 -0.02900128573526367 -0.05285726644601116 -0.07268031584313676
 -0.04839714773850323 -0.03722407440235188 0.09157887181277752 0.0082649910868728 -0.0535165240332918 -0.01717762923364521
 -0.009522763722182664 -0.05922692557291546 0.05778270351835071 0.07545890054531332 -0.09496694727868442 -0.05216274734128051
 0.0239997607755829 0.07875178957864074 -0.03638581392046775 0.09474454208989269 -0.04384398300237572 0.03966301567048777
 -0.04938225037636689 -0.09894611347058088 -0.02913301919443728 0.03515325613290105 -0.05072879837950012 0.0002100795049413823
 -0.02003286285339503 -0.03364075227455349 0.08400853310164272 0.03800184756034705 0.05014860970652033 -0.04111938022025327
 -0.07982270652542946 0.04431605818554182 0.08806394904883838 -0.023962057241458 -0.07856432256121504 0.04182674060354158
 -0.071199930762524 -0.07094527520302597 -0.005838423107669771 0.01312268313728518 0.03986821147435607 -0.006667452967253781
 0.07308691501365769 0.04307543811886452 0.03055230425077726 0.07698803740563351 0.02029957185208102 0.09271908057236597
 0.0715577266587496 -0.0262115962886505 0.03928846802829764 -0.0578079510579734 -0.06047888311916127 0.07942227672131141
 -0.006330511405064104 -0.06567443775142262 0.04593739411365103 0.04826550005780508 -0.0713988287604905 -0.06842609778030703
 -0.03555025354310508 -0.01600296140279253 -0.02565614965569456 0.02648558525227204 -0.01355620723536005 0.0496066279872151


