# Created by Octave 3.8.0, Mon Oct 05 00:56:13 2015 BRT <marcelomtoledo@Marcelos-MacBook-Pro.local>
# name: w1
# type: matrix
# rows: 13
# columns: 6
 0.03370282179087458 0.03248722214138808 0.02472407678917457 0.000367418601973396 0.07427226521981153 0.01000368466105887
 -0.05388861445504278 -0.02938179191046918 0.04580120451329711 -0.0701153279730605 -0.07006512753015004 -0.02418336947612479
 0.02800561609763511 -0.03059053279234211 -0.06349717603898586 0.08980921769760705 0.03291073404281858 -0.01485898334618149
 -0.04687622227426053 0.08370059857567122 -0.03780939893568017 0.06172667646631444 -0.008967800274121682 -0.07014101672409218
 -0.03739567036904191 0.03307108782265078 -0.06162750289692202 0.06605322423170748 0.09252092528395855 0.01578208303624555
 0.09089911054162922 -0.006595243132485842 -0.08847528970578866 -0.05336631452675825 0.03946709242880078 0.01073961547414462
 0.08834066137837165 -0.07385733104254066 0.0341179512408521 -0.0158623202476543 -0.00195133059517108 -0.03532880271713751
 -0.08451379922709124 -0.09831727409910364 -0.01681110038285362 0.0724463679366488 -0.003328815001436364 -0.09582609436277302
 0.01462574777270413 -0.08605898919989979 -0.09359349654800832 0.05202966618766089 -0.02030411027095419 -0.07523635892714635
 -0.06156508501999822 0.09632015149487858 -0.08739663995844905 -0.04050583309648997 0.07026660856300093 -0.05608854586518889
 -0.04015962285790153 -0.05025730405706322 0.01337236634095187 -0.007546603257015075 -0.09347021727184347 0.08110595545615859
 0.02818160916646206 0.04892637487377216 -0.09189816512331225 -0.08492378949902143 -0.002600899028400314 -0.08484245295207971
 0.03428787067176614 -0.0401915771002283 -0.01823492339186047 0.04494471090989202 -0.04762092218318094 0.08659846947720057


