# Created by Octave 3.8.0, Mon Oct 05 00:59:05 2015 BRT <marcelomtoledo@Marcelos-MacBook-Pro.local>
# name: w1
# type: matrix
# rows: 13
# columns: 6
 0.02675588073518523 -0.0499994588602417 -0.08141345077750789 -0.0681260682989448 -0.009367492177890666 0.07070936954814008
 -0.06795301696028175 0.06373692672438686 0.04798440380203406 -0.04151721723226031 0.06047276719292485 0.09299725538827122
 0.06268996894102905 0.0626871940667024 -0.01116066991401918 -0.02337941389478938 0.07512198484677457 0.01890487548588513
 0.06190389162451271 -0.005828846815446917 -0.040784280626666 -0.06372208955313555 -0.0530386126806307 0.06494395548101103
 0.0446858845485045 -0.05006877254851588 -0.0248061225271816 -0.0978440266366707 -0.07507327764333231 0.01018097911484381
 0.007758638962202996 -0.06952052286673779 0.04945356685320737 0.04315714905936227 0.04916788175486544 -0.06640865114514294
 0.04596326492065481 -0.02587150710154899 -0.05575623395614859 -0.06940360350500893 0.01997143412119511 0.0521737965341923
 0.05104184853161661 -0.003104588219175822 -0.04112404061985257 0.006754512713787908 -0.08970926446804339 -0.005803000631643129
 -0.09879554209581418 -0.09222973625102671 0.004434400563497351 -0.06478951815580364 -0.04693139637961944 0.03883029946184585
 0.01519258827463628 -0.04153021711690531 0.04155825052854306 0.01312539216079908 0.07857517867717129 0.09960236304311332
 0.05065138748119805 -0.007684935956257993 0.06020782649342923 -0.06981177790475229 -0.07717166736699574 -0.05757253654178393
 0.03572836901263618 -0.04825258433096599 0.05756265232043034 0.01024324809991466 -0.09251783772641761 -0.06448252390302095
 0.01967494426829634 -0.07396440253697753 -0.01104527136982564 0.08223377679837016 0.04894003879381442 0.02449618713569923


