# Created by Octave 3.8.0, Mon Oct 05 00:47:48 2015 BRT <marcelomtoledo@Marcelos-MacBook-Pro.local>
# name: w1
# type: matrix
# rows: 13
# columns: 6
 1.807426231057394 -1.812709155414961 -2.005745158962991 -2.418570580308859 -2.07171140941719 1.183138169306843
 -0.6169067593561304 -0.003465763241703168 0.1008982617493926 -0.5459201614149142 -0.06107764986723175 0.1222980360654102
 -1.702315681652242 2.517796598066354 -1.55929416118636 -1.142790652515774 -2.941212298121891 2.122143139486755
 0.1175127663790854 0.2135018356129173 0.1876044567644321 -0.2510936501367098 -0.06659971146408279 0.116528927271181
 -0.871596532420443 3.504848322492791 0.3331677377695385 4.351530357155431 -1.231042445258634 -0.7491029662799146
 -0.3747615082530175 -0.6596900625601755 1.140000220207144 0.4428436141512512 4.066674442833077 0.9703064009428056
 0.1497793403254436 0.06332032888360946 -0.004810086583848303 0.1479722719563623 -0.09153819772604792 0.1441395195211575
 -0.1860084421343634 0.4259351150042761 0.2798384923678126 -0.654592638507981 -0.104695577729209 0.4187367858607034
 -0.4882667576102872 -2.225995926026616 -0.3968593679091273 0.6479849514638829 3.61656836160132 -0.06893190990811743
 0.7461070620459334 -0.0421871813454794 -0.05428906258621148 0.4278471503523328 0.0517726251758274 -0.04306045887206455
 -0.7001843962940979 0.1756755194971101 4.414383314806618 1.058177694517604 2.797107513735841 -1.98362357723102
 0.03336088042770906 1.759686657755734 0.9715122426941897 0.746106383112798 0.9472835321016665 -2.065020860894697
 -1.399714265245109 -1.111031961268578 -2.387314985208499 1.29354901799609 0.7750306628797236 -0.7362410055142689


