# Created by Octave 3.8.0, Mon Oct 05 01:03:11 2015 BRT <marcelomtoledo@Marcelos-MacBook-Pro.local>
# name: w1
# type: matrix
# rows: 13
# columns: 6
 0.04873929529023238 0.1875077694898092 0.08183637556212243 0.173311462849584 0.2891458917009225 0.06023458775876718
 -0.3972590234595221 -0.09787518158886524 0.3776848304015687 0.1862938129905996 2.102740477073536 -0.4066096235950504
 -3.901444813690209 -3.674596630552246 2.37285975994627 2.787778563161445 -0.6008169558067633 -1.242151752124443
 -1.169872312143482 0.2734455529796649 0.8874977668174938 -0.7784902477911119 0.4016868849652744 0.06169211110846087
 0.2457777975496478 0.4846911630121531 0.3904814070427884 0.2816348891761808 0.4254298445700326 0.5824267252680919
 -0.2505030838950189 -0.5638897612695793 -1.992284707426593 -2.125143863520416 -3.429273036775129 2.116926922729406
 0.01100161166294957 -0.4668129498007745 -0.2605459508659836 -0.10317735003192 -0.3549615874832802 0.01188069792617069
 0.2382873592186243 -0.188643917333825 -0.2450898481833568 0.03766571035072348 -0.1590612997423639 0.01586050846591459
 -0.2406500798342642 0.1773683022253118 0.2713698438319375 -0.03425204215005338 0.2452243118944695 -0.129421588059214
 -2.622502180141677 0.5384474809733567 0.9218742288742102 -0.4009074890705885 -5.024109737685915 1.866589001730701
 -0.9754709495103184 1.917476916208363 2.49417476284855 1.198522155344695 1.041355044313681 -1.170293131148703
 2.257209545714593 1.924514949761497 -2.216433408536948 -0.4189914148894644 0.7782151440738861 0.484065411512389
 -0.5618340843257078 -3.071902132540401 -0.02486456948611161 -0.6439688589098193 -0.4668301329010687 0.7585938828249726


