# Created by Octave 3.8.0, Mon Oct 05 00:49:39 2015 BRT <marcelomtoledo@Marcelos-MacBook-Pro.local>
# name: w1
# type: matrix
# rows: 13
# columns: 6
 -0.06382914064785587 -0.8949061980202737 1.17867409556406 0.7997521585488478 0.2638176923394212 0.6104773982328638
 -0.4428932860776734 0.6911137127687972 -0.2709222069486191 -0.2263366118210361 -0.04649636676974669 -0.2457388014624682
 0.3294232763934915 -0.04419060761534626 0.1350646843031407 0.09554321075197779 -0.0786419807209728 -0.08159308459768097
 1.408276400425199 -1.217845889026604 -2.125667964297948 -0.6761156171510767 -2.93265339413952 1.170473623413463
 1.234321011917398 -1.843606203759642 -1.835667628376201 -2.003930289777658 2.165286449861418 -0.03069996152667435
 -1.671646595039447 -0.4520907219696482 0.3049591592077013 0.8771553180962537 0.7707627656984047 0.5017876862937396
 0.9731793567502256 0.6277750492620684 -0.3954580860764766 -1.421803445254314 -2.881732213964119 -0.4716491125558913
 0.03738968144121824 -0.1692768416731351 0.1914449909466818 -0.1106726357409847 -0.06756278059491741 0.1079640963117686
 1.691306192990644 -3.596840573582567 -1.236897055326494 0.3163160368067448 4.116856478448522 -0.268035892804307
 -0.833028296919041 -0.1751490123237533 -0.2917257918725185 0.2708736982838355 0.2997309186551262 0.6387952438384317
 -1.483751040836308 4.287169050886663 0.6702120165940111 -2.894583156891831 -2.632523854998952 1.358080583000765
 -3.038055984011347 2.190103997452105 2.397752628817905 0.6747870497201959 4.816920070602631 -1.238654711778077
 -0.06797738871542153 0.005608259866021472 -0.01913626291356355 0.02976751755697886 0.1410905089195209 -0.1466270536675868


