# Created by Octave 3.8.0, Mon Oct 05 00:51:41 2015 BRT <marcelomtoledo@Marcelos-MacBook-Pro.local>
# name: w1
# type: matrix
# rows: 13
# columns: 6
 0.7074680309366203 0.6510311980190291 -1.02290307040497 0.9316558028984775 0.3461436366124461 -0.9574691306924815
 0.757968793316359 -0.4624586307836876 -0.181374845208236 -0.1201381409546414 -1.455632327111762 -0.4555365281781789
 1.179016358185832 0.03519392861446932 -5.157181375648774 -1.61397601137752 -2.615139855689979 1.785639305235775
 0.9511617597426507 -2.787825369431861 -3.595616127316285 0.645869009812436 4.956180955102782 -1.850296767775599
 -0.2020922311267192 -1.267330939207955 0.7983430285389961 -0.7159102557868137 -0.6941879078432497 1.274069350683257
 0.6326855408598527 -0.07050132554513605 -0.1825158745864471 -0.04162768287971581 -0.3915351205059349 0.3175608918825008
 0.4427768714275555 0.5679683289296854 -0.4419162935414835 0.2749911694827709 -0.1214245419781583 -0.5311471897415723
 0.4499840255663475 -2.254458474588072 -0.8869093621031767 -2.561121736829073 -3.04475004070498 1.285578442406482
 -0.1452888400506231 -0.1469502271502184 0.1933325327037844 0.09584587396067666 0.1592333268048342 -0.07975775359152518
 2.20095845029846 -1.70048988534474 -4.639593923520978 -1.067086006572731 -4.253091985828031 1.58225875033792
 0.744884378999023 1.433653288169036 -0.3528054379850673 0.6601973076506263 -2.948003982036345 0.9141249298609332
 -0.6483477372826854 -0.6567003605504306 2.256193267106943 4.887319588689428 1.004171964308463 -1.757593569638858
 1.867930991907517 0.7953378470448638 -0.1831734934322111 0.3418802491987498 0.8579239839897731 -1.106783737019475


