# Created by Octave 3.8.0, Mon Oct 05 00:53:42 2015 BRT <marcelomtoledo@Marcelos-MacBook-Pro.local>
# name: w1
# type: matrix
# rows: 13
# columns: 6
 -0.04136486235724135 -0.2049584281598482 0.04552774464959317 -0.2285002398644826 -0.1747759206790965 0.0409093151419541
 0.1383620224006604 -0.7759380518734873 0.4629310630981672 0.9257471220351153 1.892624832926233 -1.062316572427695
 -0.2978751036756263 -0.4965008673023726 0.0523147715790345 -0.7864700522438036 -0.5863996433719431 0.4301653107564568
 1.826780367890627 -0.5622824343230525 -1.089818286173611 0.1831997981356548 -1.633189186585714 1.130187942737575
 0.9676004560741144 -0.1936076937731114 0.5746303844797864 1.092924590860046 1.370579716398832 -1.395947800881379
 -0.2460256229716304 -0.1612073238985017 0.1066598225534582 -0.8411526823096854 -0.7105532555399596 0.2438387629704149
 -2.768066203665349 -1.012697808005054 0.3675836437833372 4.053732610297784 4.223355860084906 -2.23183027544788
 1.76055649977595 -1.103310852045372 -3.580195018591376 -1.377120806654823 -2.920409245137815 1.751018678630046
 -2.000976335618556 0.1359063798076537 0.1894461397518618 2.101523628487035 -4.739019671385459 2.126758336446634
 -1.784755252812931 1.4060870059277 3.944805819133115 0.6605499408978083 4.728663730075882 -1.504752876534541
 -0.3054679606355833 -0.01023840038660165 2.858042672420443 5.479246507678956 -1.509456442765416 -2.557019614579357
 -0.2834724303228726 0.2748690393501316 0.7993374466898502 1.188048831792262 2.450466892523355 0.1899003155297358
 -0.9010275034425019 -0.828026010161471 -0.6687296170890521 0.1646941971460973 -0.3494422120138377 -1.394953241835007


