# Created by Octave 3.8.0, Mon Oct 05 00:53:56 2015 BRT <marcelomtoledo@Marcelos-MacBook-Pro.local>
# name: w1
# type: matrix
# rows: 13
# columns: 6
 0.02832108196292308 -0.6485690029425597 0.3762840890798964 -0.7706807530861355 -1.53333632715839 0.004144194829713464
 0.03895927231221676 0.1776227173929863 -0.06929623533746558 0.00210926662065053 -0.1305001002332295 -0.08756891446030478
 -0.5933274976796256 0.8722382248889777 -0.9214637814137772 -0.09752508346833115 -1.909316791227258 1.572470379456602
 1.354683036875838 0.6450868109473347 -0.2081506802350361 -0.1741125083328247 -0.5605059703124816 -0.9300549136197517
 -0.0524992744434515 0.2472194766648954 0.001079851559511378 0.09086596439826999 -0.3275608891771382 -0.08120010350977193
 -0.01505960424767351 0.2848884144535114 -0.0526236848752157 -0.00236545837452793 -0.1041626372095255 -0.1674952064841533
 -0.3176707820114331 0.1487389784999408 -0.1440846337173451 -0.09420280760006729 -0.5614169316120731 0.7106825989850947
 0.117891216549623 0.01597684441241048 0.06516987418814373 0.08252655520083177 -0.1788463162774548 -0.06045274245762559
 0.09815430968284655 -0.1337196765767074 -0.02554548575198366 -0.1158702830749684 -0.4684040975274758 -0.1178239507927579
 -0.4022902630835846 0.2843507312941255 0.136489899710849 -0.3075041032970004 -0.8167052122561298 1.067851913357827
 -1.602285356160482 0.9288618731817887 -1.012309947004617 0.0531919340460193 -1.244847334228738 2.22164575197987
 0.5042249739546779 1.055291053696113 -0.2025628174106465 0.7616039642653291 0.214185374226382 -0.4792457745850331
 0.1277030624191376 0.2516830397107281 -0.08562269639070902 0.03715718676720235 -0.1348245727642105 -0.3304708733195184


