# Created by Octave 3.8.0, Mon Oct 05 00:55:59 2015 BRT <marcelomtoledo@Marcelos-MacBook-Pro.local>
# name: w1
# type: matrix
# rows: 13
# columns: 6
 -0.422246177803243 1.564911615082447 2.499961189468014 0.428590477745702 2.134872362497841 0.4482621169546461
 -3.875927980330799 0.3738816808031495 0.9390650021710482 3.101466716882148 -0.9422439539729238 -0.9543997339551852
 -0.6003980584424128 -0.4556340569432138 0.2281365954336811 0.1506095639213699 1.554096806428775 -1.426284199698877
 0.6998297002802957 0.1818709781475799 -0.2190409155419908 -0.2608618945629671 -1.42131153788789 1.523431923992271
 -0.649066289241001 -0.3525327757559542 0.2941048682497894 0.1386952939747153 1.437352097253872 -1.399615862483661
 -0.1173303163454648 -0.4849239108624017 1.428659499363387 1.70077447457184 2.036952982021177 -2.291133515120032
 -3.169003232293778 0.4534933765421279 3.473432752771616 1.88470394580458 0.4094788104738705 -0.5438251400486772
 1.71133780413976 1.44729336692575 -0.3316145627736717 -0.4519727390410163 -2.760819667966397 0.2988146639765632
 -0.1706457662703436 -0.7814478410082611 0.1726621082953859 -0.06091157367816775 -0.315997566657687 0.0610952178376027
 2.455054294988276 -1.94008669337223 -4.416362381527589 -0.490317427026071 -3.755327462633084 1.043384910084121
 -0.3363940898107552 -3.161490743735217 -1.512129955013536 -1.599921993739106 4.957376887679672 -1.471796691531132
 -1.025692072455124 -1.290631448621262 -0.1880701401605275 -0.2936426053720769 -0.1938058301196969 0.3511163598640331
 0.5014388549232218 1.473830299120544 0.1758256140030575 -0.4030343156140377 0.4300749200010868 -0.3285800490505223


