# Created by Octave 3.8.0, Mon Oct 05 00:56:13 2015 BRT <marcelomtoledo@Marcelos-MacBook-Pro.local>
# name: w1
# type: matrix
# rows: 13
# columns: 6
 0.4192667294746516 -1.636682666224422 -0.4561738484629539 -1.615227143220738 -0.6565713732644042 0.516755043530937
 -0.3456249902526105 -0.6029539659167612 -0.1815542589553884 -0.3584602361844847 -1.013951196060204 -0.3037274318875056
 0.06195336938009692 -0.3292158533285411 0.1345054374308093 -0.08205975276999214 0.4417142521493564 -0.04700322933331208
 0.09670085356393356 -0.6028125784506375 0.1036236408717683 -0.06880404090216877 0.8706011319707367 0.1524372982238549
 0.02424311755051373 0.739630921024547 -0.06812888550415383 0.27316153649918 -1.071232301493186 -0.3641244882690549
 -0.7133273638103107 0.7548430661813679 -0.8420551642661444 -0.412886212753012 -2.356102479893901 1.771096353993835
 -1.305947503524703 -0.3708546477427815 -0.1735124825932691 0.4680768390209558 0.4040319094994623 -0.4305394628388107
 0.09961728236528065 -0.1180497024464461 0.1316588453478406 -0.04340213323781777 0.2474412246991518 -0.09970727685797624
 -0.1094402587751604 -0.8159279002830365 -0.6146991844825478 -0.9036789822742793 -2.20017416322289 0.4259716502352856
 -0.4930300658462613 -0.2916684523531108 -0.5011066708797964 -0.2738407636364359 -0.9225076680890458 1.993300701253991
 0.7133600597783557 -0.1316735851840233 0.07913491911742637 -0.3856995773417213 -0.2927818397585081 0.3117640468825181
 -0.008830544587688225 -0.2548610691419359 -0.03949349739339344 -0.1078993145321167 -0.3581897048935488 -0.1583031991511849
 0.0512014468796022 0.003476672117757406 0.05940925437444339 0.1309770185488748 0.2542942772534028 -0.0441394463214085


