# Created by Octave 3.8.0, Mon Oct 05 00:59:04 2015 BRT <marcelomtoledo@Marcelos-MacBook-Pro.local>
# name: w1
# type: matrix
# rows: 13
# columns: 6
 2.377630877236137 -2.794840901658274 -2.194208515320479 -0.8252888867008352 6.532470506209125 -2.023222997852119
 1.590291548523218 -1.390768722332472 -4.087584959391704 -0.001096877362278069 -4.404592919902933 1.512073945854356
 -0.5007075681855055 -0.05352874704856911 -0.2601459538415772 -0.07288169143454314 0.3699894422335445 -0.1916135413614156
 -0.1580841047440808 0.1418706570344863 -0.1705425014316683 -0.03367581029618624 0.1052756127365172 -0.1239064859895188
 -0.1072596085791276 0.7774861405163023 -0.4079341442959735 0.295030869525809 0.857418586865839 0.4035456751279961
 0.7058166154755727 -0.3587835327630354 0.120116110924804 -0.2129976346841125 -0.9053443434593205 -0.06619783652933184
 0.106442072199703 -2.018004556079178 -0.7961408893058425 -0.9505385106189627 -2.144870552804419 1.164744290453672
 0.4825994504080875 0.8956114730347093 -4.794587426952094 -0.8709699373065207 -2.900451422147867 1.967811918198902
 0.5121144681516074 -0.2724124983169833 -0.03539865985971112 0.7221990708913509 1.482744656049056 -1.759262775076134
 -0.6381698778238385 0.331546278036675 -0.02382414418553552 0.5401177261475425 0.7976929406600878 0.1918232176110663
 0.9314935917778295 0.0975649688927198 -1.197513711038911 -4.31221265312498 -0.8429099720574016 2.017085924154607
 -0.3890042016229067 0.2709613037561676 -0.8675134647603436 -0.0448055731347755 3.109400480655334 -1.327028722168408
 -1.795606743742712 -0.3244863193416986 -0.8986291895699219 0.9909245699969093 -0.3355007983459694 0.9926651733076981


