# Created by Octave 3.8.0, Mon Oct 05 01:01:13 2015 BRT <marcelomtoledo@Marcelos-MacBook-Pro.local>
# name: w1
# type: matrix
# rows: 13
# columns: 6
 0.08642345850625451 3.063698916434256 1.118130437954162 1.793501509070252 -1.164449683457301 -0.609081837255356
 -1.245027598708354 1.999292382425923 3.618445992671391 -0.1444601240203189 1.900828097247878 -0.7787993178775479
 -0.4594040506184619 -1.710693450959591 -1.203267560922697 -0.4304089442580852 -1.753161425759875 1.209718420717615
 1.469261285671884 -0.447005059468444 0.480105097834382 -2.646771405288181 -0.1910987618279572 1.068530841190552
 1.543759458120843 0.8043664314812043 -1.245334328893248 0.3135540036993685 1.949780822396516 -2.097887116584226
 -0.09587793183029376 -0.2691505261301672 -0.008343010298317364 -0.3426258105321693 -0.04599223651130018 -0.04196435757509994
 -0.6381578016597206 -0.6113683196395598 -0.1309608354856188 -2.403622542733289 -0.1022743954372613 1.113059454821006
 0.1646345944115623 0.1970867187358798 -0.01017606309622124 -0.1097327788976725 -0.1678921823474654 0.05165963251707661
 -2.238025086141608 0.2331221240925657 0.9033695467530082 2.324831800091795 -5.229767765713031 2.031642396684886
 -1.529289516919015 -3.751951300389277 -1.153183952635379 1.36085952725179 1.781233575088876 0.611155081463483
 -0.3335277172356387 0.03088886163109775 0.8396710358256982 -0.1375532062164828 1.810537129894294 -1.429611442200475
 -0.6825837789727677 -0.1368456094763967 2.221945351586929 -0.02200988399231371 2.141384089041935 -1.091609304252759
 -0.1555121882551357 -0.46285748445604 -0.1477986976663821 -0.7648134389251974 -0.3457110529194919 -0.06918569225947042


