# Created by Octave 3.8.0, Mon Oct 05 01:01:29 2015 BRT <marcelomtoledo@Marcelos-MacBook-Pro.local>
# name: w1
# type: matrix
# rows: 13
# columns: 6
 0.02893033163552339 0.1813075200979697 0.03983768163324311 0.1682569420311161 0.2493774563604647 0.1030659400142649
 -0.1182632247538654 0.05034990447884237 0.2878274141199643 -0.003388146631495446 0.4399294521287539 0.0224388607099417
 -1.204088750422712 -1.411817670522384 0.2506185262030188 -0.2386027660260989 0.2921788624082939 -0.06051177481910198
 -0.07122259725742963 -0.04994287379483513 -0.1661199062366081 0.2584075112353011 -0.36348295116598 0.06378373961850017
 -0.04303031892471519 -0.2974667519903025 -0.3176908698630215 0.2438773248857638 -0.38868591258334 0.5348419167586403
 -0.2704061849253125 -0.3616195525405208 -0.6505654655941709 -0.6971644298123776 -0.6260869449626653 0.6230540877437466
 -0.05303985162787551 -0.3874053867358255 -0.1227983803794551 -0.213752911241938 -0.4278212596605445 -0.03218355505802133
 0.01700781057416326 -0.07460725250218683 -0.01191812644884293 -0.1935470304548953 -0.000738432718295243 -0.03607412206821067
 -0.07452818695030941 0.1194708141432905 0.0764552508670739 0.2123765249576213 0.138780390177136 -0.00720382049309158
 -0.9501001286947064 -0.4834155928564646 -0.6021294616340047 0.4906777761954503 -1.245106859731899 0.5403616848349762
 -0.7959480812546893 0.9092521058380545 1.655255628961141 0.3461574053175481 1.432975187804549 -1.481496814843441
 0.7291656245078987 1.13718628435129 0.2128103809237023 0.2762044718368316 1.006120977244366 0.2068377352704776
 -0.07007672000473859 -0.07866916178802227 -0.32840578453851 0.372356673422151 -0.4652614924556521 0.2159650729859813


