# Created by Octave 3.8.0, Mon Oct 05 00:46:05 2015 BRT <marcelomtoledo@Marcelos-MacBook-Pro.local>
# name: w1
# type: matrix
# rows: 13
# columns: 6
 -0.06090312077615848 -0.1535245971621997 -0.3030405938096264 -0.2387062334620771 -0.341164732211981 -0.002394464381217277
 0.1330130428171656 0.1134539877551536 0.09633179988568316 -0.04027890403391752 -0.4311172772484764 0.05577670264088062
 -0.05029838820636354 -0.1368667612515813 -0.219173838949652 -0.3166074946478857 -0.7518835573373244 -0.01586931766827334
 0.2370642252902354 0.06771474730300715 0.06518618455951065 -0.07178126559165728 -0.3490110866234695 0.09314887102744393
 0.01295229619021024 0.1762960951556369 0.1097735278775631 0.07586391730986757 0.1015829147150097 0.08884391585416447
 0.03009089558311328 0.163117270645874 0.09973884860130859 0.2220967531236469 0.3041513373538727 0.08231740059340399
 -0.0323775389561449 0.06182000715195657 -0.009155540967787472 -0.05972818710681421 0.04388360714103452 0.07700796698409758
 0.1697634687778095 0.1069805135185476 0.1533778456171059 -0.02085240036848707 -0.08930623556892596 0.02938867991956562
 0.09124730890846737 -0.0009102815369287847 0.1683185934473866 0.2411706480529251 0.08248944852385459 -0.01962093980798791
 -0.04982022422684244 -0.06871440267379733 -0.114322213195583 -0.02597858348677945 0.2693334862192351 0.04724278807665937
 0.06560612481078634 0.09873248876450788 0.1198465176747143 0.02979309319718106 -0.1619475728884437 -0.08650824090130325
 0.02897167203646967 0.02823081624377245 0.1590221481331146 -0.01558060020352569 -0.09416036741634164 -0.08543299595478168
 -0.1474929968335077 -0.1103991900366961 -0.04373403832770246 -0.0159968566966844 -0.1718115609140643 0.09390757270732483


