# Created by Octave 3.8.0, Mon Oct 05 00:47:55 2015 BRT <marcelomtoledo@Marcelos-MacBook-Pro.local>
# name: w1
# type: matrix
# rows: 13
# columns: 6
 -0.2142174406461987 -0.07464980696453384 -0.06970428651914475 0.008535462621273658 0.07241410350579137 0.09114169327475932
 0.2049659104453236 0.08588341402313725 0.1016613183678838 -0.03044358474804361 0.0144097446305987 0.002885696997593666
 0.03957139044212631 0.09865275154231909 0.01945913166540027 0.0824168180233399 0.1342597500736058 0.03451951324945988
 -0.1272722628907903 -0.1348492216624651 -0.08439049987789145 -0.01077376985587712 0.01707288811713425 -0.03139718483032373
 -0.1374425235453397 -0.1663063657829648 -0.2948993910047985 -0.1125998804874404 -0.1748610349858873 0.01557048033835538
 -0.04614540318112075 -0.03037760528933481 0.03255250360269656 -0.2075755187031971 -0.1422217014760027 -0.0147818859742406
 -0.2473696177106564 -0.2554226927691437 -0.3586994046002744 -0.4216776712924405 -0.4264723731208454 0.04026284997135998
 -0.1713940839744989 -0.09070784281009583 -0.0647840572525936 -0.24511750389555 -0.1297971704549576 0.000287028733555655
 -0.0198119905052134 0.0005105251613618082 -0.06782598580541829 -0.1217200131886347 -0.09883632101945433 -0.02598273983895291
 0.09264577780757173 0.04562778318613181 0.01630456822668365 0.04160670157334663 0.1386205918295865 0.0299998981685785
 0.1194635224013731 0.05386058445495152 -0.06667440593000055 -0.2580466823994322 -0.3438885007999057 0.07555058232595015
 0.205367711829761 0.1905080145301253 0.3319103589673905 0.3202727963762493 0.5287003301989354 -0.05418602839292764
 -0.01540699531765944 0.02685648963373159 0.1297460847180376 0.1073351210355368 0.1211738958064616 -0.08567053510681384


