# Created by Octave 3.8.0, Mon Oct 05 00:49:44 2015 BRT <marcelomtoledo@Marcelos-MacBook-Pro.local>
# name: w1
# type: matrix
# rows: 13
# columns: 6
 0.1021052109925039 0.1240790485975279 0.08672141376459763 0.1040149515728475 -0.24577771060684 0.07143682093021608
 0.05540904838840958 0.03224926393503375 0.02086139354323074 0.1546755987056561 0.1600733476442865 0.08546717762015885
 -0.06612836561713753 -0.09254892328255249 -0.2002154353741734 -0.1052095076067069 -0.1018680532597916 0.009267740562542379
 -0.2189570685521363 -0.2204335226674042 -0.2447042544995814 -0.06080534613929255 0.3485565842162803 -0.04525282480486435
 -0.07683666366652339 -0.2361707733675857 -0.1462166028705861 -0.01004343346495378 -0.02422825363000797 0.08020590545153218
 -0.09035414734620714 -0.04517052387030349 0.03563085748347283 0.04475068611570529 0.1318096098745979 0.04794108508443913
 0.1109395620827475 0.1757014365945963 0.06961959393887167 0.0165850217979335 0.03379516573858818 -0.09123199099214768
 -0.1479135077108193 -0.09294785059995697 -0.1312407947012228 -0.06045407404861455 0.3434984935307406 -0.09339378291604795
 -0.113420849272307 -0.1969046460958873 -0.08558978973370933 -0.0863920289577299 -0.1703081856583462 -0.09211636282264631
 -0.07159198440136705 -0.106648135753253 -0.2202570809965572 -0.3626552422074597 -0.4786420227130521 -0.1334612299408826
 -0.06817042360840304 0.06545929597221885 0.004466696532592066 -0.1100257605371219 -0.0846677430623697 0.005362693233427124
 -0.126574779405831 0.02415830246623118 0.04275915170580649 0.3929139426864686 0.9459383719282685 0.01151673115846859
 0.0455059624691251 0.1440586693538707 -0.04688342969597695 0.3507721142110913 0.6497394330099949 0.06463880003534726


