# Created by Octave 3.8.0, Mon Oct 05 00:51:48 2015 BRT <marcelomtoledo@Marcelos-MacBook-Pro.local>
# name: w1
# type: matrix
# rows: 13
# columns: 6
 -0.02666711752425263 -0.07112441070152684 0.00375506888915591 -0.08610266800429826 -0.2058152387604033 0.02841815923162775
 0.1695965756556397 0.0900148724537065 0.05216821879494479 -0.07776083353536106 -0.1223870885425791 -0.04762289904197649
 -0.01679126405040494 -0.11266817291489 -0.06321906250450753 -0.1076145955050096 -0.2132982811807629 0.09578154478654684
 -0.1706606586670809 -0.04256334746383384 -0.1218764739821675 0.07434683985272504 0.2163162584665762 -0.03724930219228912
 0.1390304280378508 0.08036893155316345 0.1056905828339111 0.03406063990381657 0.1147652166220372 0.01391005698716889
 -0.04446479300503795 0.002424004553886098 -0.1669507883913219 -0.1171413189074884 -0.2846257046432586 -0.03808323842720779
 0.07922516811279887 0.2158794597161896 0.3095518727000498 0.4189587814652659 0.4649101811932406 0.04796663874102788
 -0.2279195358678005 -0.2311506548807957 -0.2104303759540833 -0.2314063609475316 -0.1515813882315298 0.09311799978087815
 0.1893191907200069 0.2457451892969351 0.1498889428970024 0.02850104459278797 -0.06377119116642072 -0.08762391077096829
 -0.03695954140820087 0.07286957578109021 0.1163100767055986 0.1294448473537709 0.3600586165705649 0.02601309812853565
 -0.05752820233512058 -0.006143019915982022 -0.04964377345753875 0.09330462429420315 0.001315774439861009 -0.05294023789981557
 0.1497964458661911 0.03133541550751073 0.1808744541323331 0.1349964801122632 0.273765214484995 0.09055245066353526
 -0.1378141027470234 -0.05482501763363131 -0.08272839223493418 -0.1955365161202421 -0.2765091646338353 0.05674071896460223


