# Created by Octave 3.8.0, Mon Oct 05 00:53:47 2015 BRT <marcelomtoledo@Marcelos-MacBook-Pro.local>
# name: w1
# type: matrix
# rows: 13
# columns: 6
 0.1212169378711141 -0.1535908178256046 -0.09982727084906456 -0.1854371425791241 -0.5941886635981399 -0.04926638080677043
 -0.1252316796096295 -0.01726056024802664 -0.1666568312260434 -0.1105734631420943 0.04766868392493472 0.04152089245406579
 -0.3641124078749355 -0.2217156953296151 -0.374527395121489 -0.3215752200701332 -1.177700620589676 0.5742613022373727
 -0.05587303042677903 0.02309670632796488 -0.1232020618386567 -0.1027499872563512 -0.1234270582225334 -0.03594433290521264
 -0.1396959251528007 0.01894988757102445 -0.06595319709924433 -0.03357185350712545 -0.04946741481916141 0.1160229067995479
 -0.1228591927902886 0.1085753971065648 -0.05650812531617812 -0.03720399557765185 0.1754529848676611 0.072812802522059
 -0.2394036158457279 -0.03751289514732284 -0.258379683834503 -0.07381036473590953 -0.02159816275206043 0.09845495622334041
 0.02302974538484146 0.0007461973705225336 0.05202017826210732 0.03091027235758986 -0.187730679583856 0.005861589360252704
 0.0862696777329553 -0.1767226449107187 -0.1250754984208529 -0.1001285295583555 -0.4197751072354093 -0.1425769019345623
 -0.277403166409642 0.04364291180575328 -0.1509670534209201 -0.1921720785499609 0.09524053727719085 0.09602548657980797
 -0.3268153330047291 -0.04587897289441048 -0.1977366178188421 -0.2647101518565441 0.02331921171794461 0.09492191586737514
 0.3152635588910382 0.0806777622241226 0.2487340093550211 0.2899444198115761 -0.1088878695375711 0.01500671429312822
 -0.08023075968857771 0.1454768670053107 -0.06098987902314576 0.02998989972034267 0.08089450014143565 -0.07432360956625569


