# Created by Octave 3.8.0, Mon Oct 05 00:54:05 2015 BRT <marcelomtoledo@Marcelos-MacBook-Pro.local>
# name: w1
# type: matrix
# rows: 13
# columns: 6
 0.1919784020667733 0.2601208310574404 0.01979725144320988 0.1480893988277514 0.8187431672008602 -0.1398927319600068
 -0.2692796240142037 0.139095503108609 -0.1083654269285108 0.03777133419911513 -0.2109473306848443 0.1155758108992507
 0.2023311249473171 -0.09140113350263498 0.07847874987729531 0.005399847651521617 0.1288253974264958 -0.07425751903818432
 -0.2536405576001791 -0.1471552727229393 -0.2079500835657362 -0.2394564411329118 -0.1422227066089264 0.1456048175647079
 0.1480204423220972 -0.008871966467702455 0.08345779553489986 -0.05868642190074399 0.1681223231245224 -0.1021041303592979
 0.3453333378802908 0.07883424074967041 0.3342973161950911 0.3905086080264413 1.377298891825948 -0.8087608862575574
 0.3661513055371474 0.07129029558378927 0.1464721318839143 0.1294283176478489 0.1553243958190752 -0.2846411743370408
 -0.05684923985666517 0.05897901311880906 -0.06663909765006928 -0.0926818786805881 -0.1969377004206205 -0.07909131081493082
 0.1445861826669183 -0.2573206527128807 0.02457775841364205 0.002306421787754017 -0.500307097598519 -0.07156861021120026
 -0.7134194711034842 -0.2548086177737603 -0.3004465568976342 -0.1867281508506689 -0.9143826558457159 0.1468624075248376
 -0.2101167444079643 -0.4607363141620122 -0.2700553095316553 -0.3568493822136714 0.02540631247548038 0.0852929295475555
 -0.03515310349134768 -0.1903865395400544 -0.192868710295915 -0.1355444697693278 -0.290204973660417 -0.07591559793734415
 0.3474415128488653 -0.104520708341621 0.09519931480469326 -0.02252665259296107 0.2956708397378533 -0.2901462891625851


