# Created by Octave 3.8.0, Mon Oct 05 00:56:03 2015 BRT <marcelomtoledo@Marcelos-MacBook-Pro.local>
# name: w1
# type: matrix
# rows: 13
# columns: 6
 -0.2156661965951573 -0.2134571111754466 -0.222699168804217 -0.1181135875521494 0.2446312216855839 -0.08172868102548587
 -0.0257133115674536 -0.1428906484107605 -0.2141861715457771 -0.3084755352184229 -0.5416636984909451 -0.1127681767296727
 -0.01832658869687075 -0.005079211556198625 0.1309878783587856 0.02895734795968105 -0.07610826062855847 -0.01281307533648297
 0.04736824333386486 0.01514900917627178 0.1509540870924696 0.1785958026787679 0.005019548521099418 -0.0488975369464701
 -0.06099164834353868 0.007188865664118534 -0.1085297933903002 0.1041977057953458 0.1178286794064875 0.03181726413553498
 -0.09647884751359877 -0.1840362565481485 -0.1510806870107145 -0.250127207230302 -0.6347393428633276 -0.08266488694937672
 -0.1138592574527588 -0.116422807662485 -0.01954271411409774 0.0755778597826653 0.374323303122732 -0.0529897209234922
 -0.02163812647291714 0.1127250827365446 0.1760232600341622 0.0334049467614764 -0.1028507207627697 0.04808559197623519
 -0.184953220338079 -0.2251520134727109 -0.2049108065821585 -0.2804247127934697 -0.4063055356767937 -0.06637723496036964
 -0.1793089401407717 -0.2187539279535064 -0.2560148013645908 -0.0962348294478567 0.1028902767044471 0.09745623073742218
 0.06941886651805425 -0.03876701492889665 0.03866477669048427 -0.1629474938424909 -0.3775472349138547 0.06513142544620858
 -0.04819554730884058 -0.1259233449719243 -0.02429947163146354 -0.09676942844005862 -0.3541939614544991 -0.07986220811509399
 0.08008619654322666 0.1181138030795546 0.1245751252752911 0.1979577383819622 0.1819791314643346 0.05877471914377966


