# Created by Octave 3.8.0, Mon Oct 05 00:57:14 2015 BRT <marcelomtoledo@Marcelos-MacBook-Pro.local>
# name: w1
# type: matrix
# rows: 13
# columns: 6
 -0.09344432479146528 -0.0493191659697045 0.02303952857830416 0.06752134055330714 0.2344973237747803 0.007203444563040106
 0.07357765212108744 0.03827631118986179 0.01370456223008328 -0.1908766187116072 -0.3061698174421397 -0.01843671392780157
 -0.04027958942944466 -0.07084916331197411 -0.05574353694848334 0.1397043851912383 0.1386849414925628 -0.01642700516188176
 -0.09163028349553232 0.0695433452323911 -0.00408106013897805 0.1398891057172882 0.1246296169882737 -0.07080335045109055
 -0.144829396840775 -0.01427798539438122 -0.01215797035582807 0.203429933960637 0.3413146835427319 0.003546218150593334
 0.1246420428118465 -0.0002784898993608322 -0.1241024581895905 -0.1284687559161175 -0.08421341319120736 0.01304093374361938
 0.07122594828378233 -0.1259648454882963 -0.06257457857622957 -0.1598431467092258 -0.1971350532466618 -0.03151576896952533
 -0.07577673693305191 -0.1270799003291175 -0.09789287099491679 -0.06083382495362288 -0.1973630469438632 -0.09983234967389197
 0.094545203158729 -0.028949288730698 -0.07904927612957423 0.03123770793188005 -0.09068411222326736 -0.07554789483211108
 -0.07007351488583752 0.09211044752505 -0.08449890943587127 -0.03123873624747357 0.08792634580123421 -0.05605732058564338
 0.08081161476997062 0.0005059018450736877 -0.04885946556509899 -0.1722311266368145 -0.3885279349747555 0.07717577279296686
 0.1383397517446161 0.1301189448364678 -0.06605575102308832 -0.1044707312848237 -0.08667968294871797 -0.08158563680438001
 0.0832868107561284 0.03530604373277804 0.08579262619315507 0.1831802390663266 0.1231667869493025 0.08340439782278185


