# Created by Octave 3.8.0, Mon Oct 05 00:59:19 2015 BRT <marcelomtoledo@Marcelos-MacBook-Pro.local>
# name: w1
# type: matrix
# rows: 13
# columns: 6
 0.1884360938358347 0.06117264908852699 -0.02838745541711045 -0.1171927256824529 -0.1869693758273915 0.07823807106217461
 -0.05051128565860474 0.1189808409286126 0.1550540686111118 0.1340955230255747 0.3184843148498323 0.08645060526101538
 -0.09355417942923433 -0.06852804440982938 -0.1164501430444535 -0.0758820623397007 0.09372563640016379 0.01601957397060867
 0.1937440951796595 0.1016138472462689 0.03999418420232723 -0.03877464977159665 -0.1048562908206726 0.06616199933845074
 0.2556112805089097 0.105347837789842 0.06765160097804954 -0.1226247902697528 -0.2517247982170926 0.01613157845785479
 -0.03951149754721531 -0.07569136228095934 0.09532451957966361 0.1689862725836805 0.2734458783923068 -0.06724231646583298
 0.1433952867486645 0.0537339457362223 0.004816597195367933 -0.04771463240378307 -0.01023397618693714 0.05574603572625884
 0.1159838782467253 0.02482793030764147 -0.05902009878726435 -0.08608067299332683 -0.276413738090081 0.001547814622328231
 0.001208963539076462 -0.07695140246608459 -0.08980366159762392 -0.3153736378273078 -0.4911038786454865 0.01245460791105448
 -0.02991260673847473 -0.0422719364298185 0.09815599602785133 0.1549893461185782 0.3258950182447195 0.08797695478567509
 0.1628493551649569 0.1038027482287982 0.1746151288722741 0.03345087566106168 0.002248092600282691 -0.06183245526578064
 0.1155129528895281 0.0297106794407225 0.1361535204783599 0.07826879076856601 -0.04405959326367419 -0.06470787971463345
 -0.01452455491546938 -0.07104247914432661 0.0395683025830148 0.2054101919332285 0.2615751494353652 0.01796180587258138


