# Created by Octave 3.8.0, Mon Oct 05 01:01:13 2015 BRT <marcelomtoledo@Marcelos-MacBook-Pro.local>
# name: w2
# type: matrix
# rows: 1
# columns: 14
 0.04509639547144031 0.02105656290079552 -0.04629352207584973 -0.003793773851369781 -0.06730796511420295 -0.0836737926629893 -0.04562411130608492 -0.03408359079311916 0.04036485697106545 -0.08960518870865428 0.09863279962402069 0.03663474604245226 0.006237275904701203 -0.0288433888434209


