# Created by Octave 3.8.0, Mon Oct 05 00:45:50 2015 BRT <marcelomtoledo@Marcelos-MacBook-Pro.local>
# name: w2
# type: matrix
# rows: 1
# columns: 14
 -0.09664523490003958 -0.02694049311882353 -0.09142169400647678 -0.02940608273113041 0.0354571230858918 0.06490528902301149 -0.005390006577217249 0.01528100115366091 0.05434724253600795 0.005203043543941271 0.01434715405689739 0.01376092939036955 -0.04848078112837559 -0.05730677048574932


