# Created by Octave 3.8.0, Mon Oct 05 00:47:49 2015 BRT <marcelomtoledo@Marcelos-MacBook-Pro.local>
# name: w2
# type: matrix
# rows: 1
# columns: 14
 -0.02498956114076561 0.02841464464524562 0.01415424995458606 -0.02838093195662014 -0.04989416354847936 -0.01469747215170128 -0.08040071306996807 -0.04075627930250655 -0.007337198742847301 0.02327589408559683 -0.01660389271206858 0.07577357448536279 0.02192362944694419 0.04064726142140093


