# Created by Octave 3.8.0, Mon Oct 05 00:49:39 2015 BRT <marcelomtoledo@Marcelos-MacBook-Pro.local>
# name: w2
# type: matrix
# rows: 1
# columns: 14
 0.01142217237460681 0.06482677171522497 -0.07618906138998882 -0.01713285600159692 -0.07591830778692533 0.01931725354123773 0.05900092024830395 0.004727467070146665 -0.09512134937927709 -0.0908021766839516 -0.02827922390342132 0.06638272221773087 0.08257842755270342 0.07418056362408407


