# Created by Octave 3.8.0, Mon Oct 05 00:51:42 2015 BRT <marcelomtoledo@Marcelos-MacBook-Pro.local>
# name: w2
# type: matrix
# rows: 1
# columns: 14
 -0.0224616245627365 0.00306451724503605 -0.02979844474335555 -0.006454460481520569 0.03579923123739642 -0.04072629614260825 0.08304529345963738 -0.07833784796021175 0.03340696798567377 0.02973764310742494 -0.007794636148553677 0.04670904501068518 -0.03805096330048751 0.07108695875801255


