# Created by Octave 3.8.0, Mon Oct 05 00:53:42 2015 BRT <marcelomtoledo@Marcelos-MacBook-Pro.local>
# name: w2
# type: matrix
# rows: 1
# columns: 14
 -0.08707897608442018 -0.008288841990704912 -0.09297336766696362 -0.07128921609878484 -0.02777561051477333 0.03553755066673617 -0.04992031078477047 -0.04600504958110744 -0.08381836037986257 0.005888990594727778 -0.07005453850280387 0.02298160310059075 0.04435783740286328 0.0807448098294585


