# Created by Octave 3.8.0, Mon Oct 05 00:53:56 2015 BRT <marcelomtoledo@Marcelos-MacBook-Pro.local>
# name: w2
# type: matrix
# rows: 1
# columns: 14
 0.02922708829293313 -0.02957577133328181 0.01192306265688725 -0.06113846424313402 0.0241274645292255 0.0778085580334022 0.09323551397338728 -0.03161674369338228 -0.01625850535434809 -0.03633899996880068 -0.01094820220141078 -0.05292731762315216 0.07470248752491263 -0.04288776717602813


