# Created by Octave 3.8.0, Mon Oct 05 00:56:00 2015 BRT <marcelomtoledo@Marcelos-MacBook-Pro.local>
# name: w2
# type: matrix
# rows: 1
# columns: 14
 -0.0496719057282249 -0.08469454918747933 0.007990591327734248 0.05121581911228451 0.002737208155609266 -0.07236758739617749 0.02903747482027458 0.01588170371027182 -0.09961861685280615 -0.09126233251131854 -0.0582108012261818 -0.05306663702466398 0.07576240770342427 -0.08302206175167894


