# Created by Octave 3.8.0, Mon Oct 05 00:56:13 2015 BRT <marcelomtoledo@Marcelos-MacBook-Pro.local>
# name: w2
# type: matrix
# rows: 1
# columns: 14
 0.02857071835708164 -0.06091356388332906 0.02464571069239452 0.04083132979979778 0.07742415096454106 -0.04378286849224897 -0.09276060083220612 -0.07869730218658279 -0.00601568309998067 0.003748993290106847 -0.08133499455357024 -0.006474161487184577 0.09394227364072114 0.05357140423914439


