# Created by Octave 3.8.0, Mon Oct 05 00:59:05 2015 BRT <marcelomtoledo@Marcelos-MacBook-Pro.local>
# name: w2
# type: matrix
# rows: 1
# columns: 14
 0.01295541132612213 0.06328811207311261 -0.0548596139993074 0.04029146609266659 0.03692325523470497 0.03695338678788454 0.028633285187594 -0.02041910062356314 -0.05206814128012173 0.03872492883962178 0.07033162594498474 0.04691922962174372 0.03683021737244543 -0.003258749064553465


