# Created by Octave 3.8.0, Mon Oct 05 00:47:48 2015 BRT <marcelomtoledo@Marcelos-MacBook-Pro.local>
# name: w2
# type: matrix
# rows: 1
# columns: 14
 -3.613542031582762 -0.8514067853927597 -4.375884523700282 -0.2180365573999976 -1.748664547246829 2.882390894580481 0.2684316809595053 -0.7533835666751835 -2.377775097718844 0.9515113102455611 -3.542923134400875 -2.094156636586324 2.125131934443953 0.136447828977991


