# Created by Octave 3.8.0, Mon Oct 05 01:03:11 2015 BRT <marcelomtoledo@Marcelos-MacBook-Pro.local>
# name: w2
# type: matrix
# rows: 1
# columns: 14
 0.1337156640244995 -1.436366537664851 3.229261879221844 1.601880302653557 1.274552272589697 2.956122327599022 -0.5043379835783919 -0.400587821922818 0.4390928050753938 -2.597293676281891 2.311796044817034 2.983772114109045 2.009150796362502 0.3551273939472117


