# Created by Octave 3.8.0, Mon Oct 05 00:49:39 2015 BRT <marcelomtoledo@Marcelos-MacBook-Pro.local>
# name: w2
# type: matrix
# rows: 1
# columns: 14
 1.573934004768001 -1.09260538843155 0.4773542951280234 3.625508384931704 2.176671638148247 -1.582430454591394 -2.782660132752306 0.1378561166750097 -2.870793231964453 -0.9448113385409559 -3.429660698016044 2.425417880141702 -0.02582700883639246 0.3235179403887966


