# Created by Octave 3.8.0, Mon Oct 05 00:51:41 2015 BRT <marcelomtoledo@Marcelos-MacBook-Pro.local>
# name: w2
# type: matrix
# rows: 1
# columns: 14
 -1.258834403214158 -1.779812905138771 4.117059437562588 3.34794447786539 1.261432981666418 -1.015388819004745 -0.6548579114250789 2.065801101676657 0.2586596186710605 -2.903873139600431 1.866465418195541 2.357160298688165 2.49314921670247 0.3053681487061554


