# Created by Octave 3.8.0, Mon Oct 05 00:53:42 2015 BRT <marcelomtoledo@Marcelos-MacBook-Pro.local>
# name: w2
# type: matrix
# rows: 1
# columns: 14
 0.274166141542433 -2.266452774994248 1.07975142834838 2.983163955387744 -2.297778892356454 1.011208577723844 3.196289562072401 3.596607853772845 -2.365775801463797 2.014673150304588 3.299525223714184 2.057108797043462 0.5995225711475459 0.3407895402553316


