# Created by Octave 3.8.0, Mon Oct 05 00:53:56 2015 BRT <marcelomtoledo@Marcelos-MacBook-Pro.local>
# name: w2
# type: matrix
# rows: 1
# columns: 14
 -1.241099497942726 0.2730820444391016 -2.175251254841741 1.094709840770172 0.4503385246832521 0.254154916275939 0.5480212423829754 0.1638546337601504 -0.2024147565904187 0.8429830602904819 1.819051751623595 -1.499552154713957 0.2878302056687794 -0.4636948081408668


