# Created by Octave 3.8.0, Mon Oct 05 00:55:59 2015 BRT <marcelomtoledo@Marcelos-MacBook-Pro.local>
# name: w2
# type: matrix
# rows: 1
# columns: 14
 2.607988606131344 3.18608264911854 -1.419234973164648 1.693306554142631 -1.383313275882885 2.919851567172091 -2.99636335883056 1.825965331153554 0.5578861500086946 -1.872809552806284 3.063163444482503 1.455860257446685 -2.187790602438282 1.079731129857823


