# Created by Octave 3.8.0, Mon Oct 05 00:56:13 2015 BRT <marcelomtoledo@Marcelos-MacBook-Pro.local>
# name: w2
# type: matrix
# rows: 1
# columns: 14
 1.660997853285534 -0.75392728028536 -0.5374402579287084 -0.9839595797965683 1.032299853028496 -1.624773189979127 0.8577565038628211 -0.3262327207048398 -1.396842512085113 1.768118538648869 -0.3660762391437083 -0.08860289160880616 -0.2269992233926528 0.2661867470191083


