# Created by Octave 3.8.0, Mon Oct 05 00:59:04 2015 BRT <marcelomtoledo@Marcelos-MacBook-Pro.local>
# name: w2
# type: matrix
# rows: 1
# columns: 14
 3.459618836118949 -2.001741321984473 0.6680409750386538 0.2366760785765486 0.8697841728816079 -1.259325419280295 2.162571133645665 3.996901755600264 -1.504317257201562 1.10953710268407 -3.570207447579442 -3.601410686324048 -1.995015922713325 -0.5227921425004824


