# Created by Octave 3.8.0, Mon Oct 05 01:01:13 2015 BRT <marcelomtoledo@Marcelos-MacBook-Pro.local>
# name: w2
# type: matrix
# rows: 1
# columns: 14
 -2.530816093316409 1.857955990885486 1.652397151725658 -2.543008503415775 -3.040689116193598 -0.3289290055293372 -2.326809534413753 -0.1412845571567764 -3.730407398461253 -1.176798220500895 -2.241615673496073 -2.076088065348669 -0.9322534011851535 -0.09622873147167789


