# Created by Octave 3.8.0, Mon Oct 05 00:46:05 2015 BRT <marcelomtoledo@Marcelos-MacBook-Pro.local>
# name: w2
# type: matrix
# rows: 1
# columns: 14
 -0.09874399923126419 -0.5339045609647416 -0.6614112992263612 -0.4347962903110264 -0.03306360402361177 0.1444466610191477 0.03341449457465644 -0.2282240806984056 -0.03394890450075294 0.3148321195591159 -0.2914259359411984 -0.2073059746558538 0.02577157963746189 -0.006468708306875307


