# Created by Octave 3.8.0, Mon Oct 05 01:01:29 2015 BRT <marcelomtoledo@Marcelos-MacBook-Pro.local>
# name: w2
# type: matrix
# rows: 1
# columns: 14
 -0.09275128292931552 -0.6329519221110502 1.171410673427682 0.5617543575922669 0.961454737940109 1.344993467099818 -0.1595539498699702 -0.0674165692739699 0.00418310358662373 -1.210535260473002 1.095412680832112 1.364215952263054 0.8018737073410452 -0.02687672926082632


