# Created by Octave 3.8.0, Mon Oct 05 00:47:55 2015 BRT <marcelomtoledo@Marcelos-MacBook-Pro.local>
# name: w2
# type: matrix
# rows: 1
# columns: 14
 0.6980896006799088 -0.5778344274831285 0.2729843446165643 0.6106687618763544 0.1804834829043748 -0.3809282834278992 -0.4443469893696966 0.1646479983830414 -0.4410029338280789 -0.2111989334503062 -0.8700694032436 0.4755744063715432 0.008105387570280819 0.03973226090940195


