# Created by Octave 3.8.0, Mon Oct 05 00:49:44 2015 BRT <marcelomtoledo@Marcelos-MacBook-Pro.local>
# name: w2
# type: matrix
# rows: 1
# columns: 14
 -0.2253312081755322 0.04228314127197589 0.1113557492713823 0.3727669523487541 0.1182585809196982 0.009169498347714879 -0.05381339296184636 0.2586244877393118 -0.02772074786295305 -0.2276630145904973 -0.008144101794909615 0.5665194798306128 0.4157939426461041 -0.02938495423321601


