# Created by Octave 3.8.0, Mon Oct 05 00:51:48 2015 BRT <marcelomtoledo@Marcelos-MacBook-Pro.local>
# name: w2
# type: matrix
# rows: 1
# columns: 14
 -0.1734699266472761 -0.3519978539057613 -0.09082375017191435 0.6071355859715254 -0.3013398300710076 -0.1813936410515264 0.5372911472361376 0.3728500858010445 -0.3757138017200158 0.5626113128211998 0.3355685756835144 0.2448425264392556 -0.2703415253465178 -0.07899986626830241


