# Created by Octave 3.8.0, Mon Oct 05 00:53:47 2015 BRT <marcelomtoledo@Marcelos-MacBook-Pro.local>
# name: w2
# type: matrix
# rows: 1
# columns: 14
 -0.3530002055378152 0.2277903290130796 -0.8621644241497369 0.09498499779083884 0.2523321162111249 0.2119994023964865 0.3263236711515774 -0.05049480885450644 -0.2613311761436213 0.3755135195931238 0.4677724683824162 -0.4814986842152692 0.05866869717775485 0.2440542888213076


