# Created by Octave 3.8.0, Mon Oct 05 00:54:05 2015 BRT <marcelomtoledo@Marcelos-MacBook-Pro.local>
# name: w2
# type: matrix
# rows: 1
# columns: 14
 0.3912245554568288 0.4146378309059525 -0.286217651679444 0.5557703773520744 -0.2229865082364316 0.8101872782116583 -0.6171745134409701 0.1833218886280934 -0.2768212564246383 -0.5961401968565042 0.5269614340929938 0.05861466264240399 -0.5565791891367365 0.1389735204640361


