# Created by Octave 3.8.0, Mon Oct 05 00:56:03 2015 BRT <marcelomtoledo@Marcelos-MacBook-Pro.local>
# name: w2
# type: matrix
# rows: 1
# columns: 14
 0.4581142812484913 -0.3595980239765578 -0.1035337394045274 -0.09964210917427274 0.1490244537447459 -0.4694199672487652 0.3419055676148807 -0.1835077730688458 -0.2454095266334739 0.365766231838041 -0.270988996584544 -0.2011766246692529 0.005979608842687641 -0.07687711244995331


