# Created by Octave 3.8.0, Mon Oct 05 00:57:14 2015 BRT <marcelomtoledo@Marcelos-MacBook-Pro.local>
# name: w2
# type: matrix
# rows: 1
# columns: 14
 0.2989117856575186 -0.3638416332977108 0.1876096684453949 0.1497845356844962 0.3715405217198199 -0.1426446149261411 -0.1158857406003449 -0.1047781633987068 -0.1487632192471359 0.0434204223985154 -0.3909458481993625 -0.2443694614065717 0.02669704318049732 -0.00873340049286473


