# Created by Octave 3.8.0, Mon Oct 05 00:59:19 2015 BRT <marcelomtoledo@Marcelos-MacBook-Pro.local>
# name: w2
# type: matrix
# rows: 1
# columns: 14
 -0.2982727916697109 0.2841480035189774 0.148200589703748 -0.2127428248311097 -0.3845764542303979 0.2857164273820117 -0.1172231689773446 -0.2784262725789729 -0.5480232391450131 0.32860959143431 -0.08361519669518692 -0.06828177996143786 0.2771458593070413 0.007020361712296149


