# Created by Octave 3.8.0, Thu Oct 01 00:48:21 2015 BRT <marcelomtoledo@Marcelos-MacBook-Pro.local>
# name: X
# type: matrix
# rows: 68
# columns: 6
 0.006379234491860977 0.005939287285525737 0.007919049714034315 0.004619445666520018 0.003959524857017158 1
 0.01319841619005719 0.01297844258688957 0.01913770347558293 0.03277606687197536 0.03937527496700396 1
 0.0686317641882974 0.1198856137263528 0.153321601407831 0.1783985921689397 0.2094148702155741 1
 0.001759788825340959 0.001099868015838099 0.001759788825340959 0.0006599208095028596 0.001319841619005719 1
 0.009898812142542894 0.006379234491860977 0.005939287285525737 0.007919049714034315 0.004619445666520018 1
 0.005059392872855257 0.004179498460184778 0.001979762428508579 0.003079630444346678 0.001319841619005719 1
 0.01979762428508579 0.02705675318961724 0.03013638363396393 0.0321161460624725 0.0343158820941487 1
 0.005939287285525737 0.007919049714034315 0.004619445666520018 0.003959524857017158 0.006599208095028597 1
 0.08468983721953366 0.0620325560932688 0.03607567091948966 0.02551693796744391 0.01385833699956005 1
 0.01473823141223053 0.01869775626924769 0.02463704355477343 0.02199736031676199 0.0310162780466344 1
 0.005939287285525737 0.006159260888693356 0.004179498460184778 0.003959524857017158 0.009678838539375276 1
 0.03167619885613726 0.026616805983282 0.04663440387153542 0.03299604047514298 0.02507699076110867 1
 0.0002199736031676199 0 0.0002199736031676199 0.0004399472063352398 0.0004399472063352398 1
 0.009678838539375276 0.008578970523537175 0.009458864936207656 0.005719313682358117 0.005279366476022877 1
 0 0 0.0002199736031676199 0 0.0006599208095028596 1
 0.06225252969643643 0.08249010118785746 0.130224373075231 0.1663000439947206 0.2771667399912011 1
 0.01077870655521337 0.01495820501539815 0.01473823141223053 0.01869775626924769 0.02463704355477343 1
 0.001319841619005719 0.001539815222173339 0.0002199736031676199 0.002199736031676199 0.001539815222173339 1
 0 0.0002199736031676199 0 0 0.0002199736031676199 1
 0.001099868015838099 0.001319841619005719 0.001539815222173339 0.0002199736031676199 0.002199736031676199 1
 0.09480862296524417 0.09546854377474703 0.0719313682358117 0.05125384953805543 0.0332160140783106 1
 0.0004399472063352398 0.0002199736031676199 0 0 0 1
 0.03937527496700396 0.02793664760228773 0.01385833699956005 0.01385833699956005 0.01363836339639243 1
 0.001759788825340959 0.0006599208095028596 0.001319841619005719 0.0008798944126704796 0.001759788825340959 1
 0.0002199736031676199 0.0008798944126704796 0.0004399472063352398 0 0.0006599208095028596 1
 0.04025516937967444 0.05059392872855258 0.0409150901891773 0.05983282006159261 0.07611086669599648 1
 0.001099868015838099 0.0006599208095028596 0.001319841619005719 0.0004399472063352398 0.001539815222173339 1
 0.005499340079190497 0.005719313682358117 0.003079630444346678 0.002639683238011439 0.004839419269687638 1
 0 0 0 0.0002199736031676199 0 1
 0.001319841619005719 0.003079630444346678 0.003519577650681918 0.004179498460184778 0.004399472063352398 1
 0.08249010118785746 0.130224373075231 0.1663000439947206 0.2771667399912011 0.4359876814782226 1
 0.0008798944126704796 0.0008798944126704796 0.0002199736031676199 0 0.0002199736031676199 1
 0.002199736031676199 0.001319841619005719 0.001979762428508579 0.0008798944126704796 0.003519577650681918 1
 0.0008798944126704796 0.0004399472063352398 0 0.009898812142542894 0.01319841619005719 1
 0.001759788825340959 0.001979762428508579 0.001319841619005719 0.001539815222173339 0.001759788825340959 1
 0 0.0002199736031676199 0 0.0002199736031676199 0.0002199736031676199 1
 0.0006599208095028596 0.001539815222173339 0.002859656841179059 0.003299604047514298 0.001539815222173339 1
 0.0006599208095028596 0.0002199736031676199 0.0002199736031676199 0.0002199736031676199 0 1
 0.02133743950725913 0.009898812142542894 0.006379234491860977 0.005939287285525737 0.007919049714034315 1
 0.008578970523537175 0.009238891333040036 0.007479102507699076 0.006599208095028597 0.009458864936207656 1
 0.0002199736031676199 0.005719313682358117 0.007039155301363837 0.004179498460184778 0.006379234491860977 1
 0.1236251649802024 0.1260448746150462 0.166080070391553 0.1396832380114386 0.09590849098108227 1
 0.03277606687197536 0.03937527496700396 0.04465464144302684 0.0730312362516498 0.04487461504619446 1
 0.005939287285525737 0.003959524857017158 0.003959524857017158 0.005719313682358117 0.006159260888693356 1
 0.02529696436427629 0.01495820501539815 0.009678838539375276 0.008578970523537175 0.009458864936207656 1
 0.001539815222173339 0.002199736031676199 0.001759788825340959 0.0006599208095028596 0.001539815222173339 1
 0.7461504619445667 0.5182578090629124 0.5444346678398592 0.3216014078310603 0.2309722833260009 1
 0.002419709634843819 0.002859656841179059 0.0006599208095028596 0.001099868015838099 0.001099868015838099 1
 0.009898812142542894 0.01099868015838099 0.008358996920369555 0.005059392872855257 0.004179498460184778 1
 0.01759788825340959 0.01847778266608007 0.01715794104707435 0.02155741311042675 0.01517817861856577 1
 0 0 0.0002199736031676199 0 0 1
 0.0006599208095028596 0.001539815222173339 0.001539815222173339 0.001539815222173339 0.001979762428508579 1
 0.0002199736031676199 0 0.0002199736031676199 0 0 1
 0.002199736031676199 0.002419709634843819 0.001099868015838099 0.01517817861856577 0.01759788825340959 1
 0.003959524857017158 0.006159260888693356 0.006599208095028597 0.01165860096788385 0.01187857457105147 1
 0.03497580290365156 0.03299604047514298 0.02309722833260009 0.01407831060272767 0.009458864936207656 1
 0.0004399472063352398 0.0002199736031676199 0.0002199736031676199 0.0004399472063352398 0.0002199736031676199 1
 0.0497140343158821 0.06225252969643643 0.08249010118785746 0.130224373075231 0.1663000439947206 1
 0.01715794104707435 0.02155741311042675 0.01517817861856577 0.01649802023757149 0.03299604047514298 1
 0.001099868015838099 0.0006599208095028596 0.0006599208095028596 0.0004399472063352398 0.0006599208095028596 1
 0.08908930928288605 0.08468983721953366 0.0620325560932688 0.03607567091948966 0.02551693796744391 1
 0.0008798944126704796 0.001319841619005719 0.001539815222173339 0.002199736031676199 0.001759788825340959 1
 0.003959524857017158 0.003959524857017158 0.005059392872855257 0.005499340079190497 0.001759788825340959 1
 0.0004399472063352398 0.0008798944126704796 0.0004399472063352398 0 0.0006599208095028596 1
 0.001539815222173339 0.002859656841179059 0.003299604047514298 0.001539815222173339 0.002639683238011439 1
 0.0002199736031676199 0.0002199736031676199 0.0002199736031676199 0 0.0002199736031676199 1
 0.01011878574571051 0.008578970523537175 0.009238891333040036 0.007479102507699076 0.006599208095028597 1
 0.001539815222173339 0.001539815222173339 0.0002199736031676199 0.0004399472063352398 0 1


