# Created by Octave 3.8.0, Sun Sep 27 20:30:23 2015 BRT <marcelomtoledo@Marcelos-MacBook-Pro.local>
# name: X
# type: matrix
# rows: 68
# columns: 5
 0.001319841619005719 0.001759788825340959 0.001539815222173339 0.001979762428508579 0.0004399472063352398
 0.0002199736031676199 0 0.0002199736031676199 0 0.0002199736031676199
 0.001539815222173339 0.002639683238011439 0.003079630444346678 0.001539815222173339 0.002639683238011439
 0.0008798944126704796 0.0004399472063352398 0 0.0006599208095028596 0.0006599208095028596
 0.03079630444346678 0.03497580290365156 0.03299604047514298 0.02309722833260009 0.01407831060272767
 0.0002199736031676199 0 0.0002199736031676199 0 0.004839419269687638
 0.130224373075231 0.1663000439947206 0.2771667399912011 0.4359876814782226 0.5235371755389353
 0.0006599208095028596 0.004839419269687638 0.007699076110866696 0.009458864936207656 0.01077870655521337
 0.006379234491860977 0.001979762428508579 0.001979762428508579 0.001319841619005719 0.001319841619005719
 0.001319841619005719 0.0008798944126704796 0.0002199736031676199 0.001099868015838099 0.001979762428508579
 0.0006599208095028596 0.001539815222173339 0.0008798944126704796 0.0008798944126704796 0.0008798944126704796
 0.0006599208095028596 0.001319841619005719 0.0004399472063352398 0.001539815222173339 0.0004399472063352398
 0.0002199736031676199 0 0 0.0004399472063352398 0
 0.0006599208095028596 0 0.0002199736031676199 0 0
 0.001099868015838099 0.0008798944126704796 0.0004399472063352398 0.0004399472063352398 0.0008798944126704796
 0.001759788825340959 0.0004399472063352398 0.002639683238011439 0.001319841619005719 0.001319841619005719
 0.8534975802903652 0.7461504619445667 0.5182578090629124 0.5444346678398592 0.3216014078310603
 0.001099868015838099 0.001099868015838099 0.0004399472063352398 0.0008798944126704796 0.001099868015838099
 0.001099868015838099 0.0004399472063352398 0.0008798944126704796 0.001099868015838099 0.001099868015838099
 0.001099868015838099 0.001759788825340959 0.0008798944126704796 0.0006599208095028596 0.001099868015838099
 0.0006599208095028596 0.0002199736031676199 0.0004399472063352398 0.0004399472063352398 0.0002199736031676199
 0.0004399472063352398 0 0 0.0002199736031676199 0
 0.07809062912450505 0.08732952045754509 0.0996480422349318 0.08908930928288605 0.08468983721953366
 0.009458864936207656 0.01077870655521337 0.01495820501539815 0.01473823141223053 0.01869775626924769
 0.002859656841179059 0.001319841619005719 0.002639683238011439 0.0008798944126704796 0.003299604047514298
 0.0002199736031676199 0.0002199736031676199 0 0 0.001759788825340959
 0.001099868015838099 0.0002199736031676199 0.0008798944126704796 0.0004399472063352398 0
 0.0002199736031676199 0.0008798944126704796 0.0008798944126704796 0.0002199736031676199 0.0002199736031676199
 0.005499340079190497 0.007919049714034315 0.01363836339639243 0.01495820501539815 0.002419709634843819
 0.004179498460184778 0.001979762428508579 0.003079630444346678 0.001319841619005719 0.0008798944126704796
 0.001099868015838099 0.0006599208095028596 0.009238891333040036 0.007919049714034315 0.009018917729872416
 0.007699076110866696 0.009458864936207656 0.01077870655521337 0.01495820501539815 0.01473823141223053
 0.05983282006159261 0.07611086669599648 0.08205015398152221 0.1031676198856137 0.1033875934887813
 0.001539815222173339 0.0008798944126704796 0.0008798944126704796 0.0008798944126704796 0
 0 0.0002199736031676199 0 0.0002199736031676199 0
 0 0.0002199736031676199 0.0008798944126704796 0.0006599208095028596 0
 0.0008798944126704796 0.0008798944126704796 0.0008798944126704796 0.0008798944126704796 0.001539815222173339
 0 0.0002199736031676199 0 0.0002199736031676199 0.0004399472063352398
 0.02265728112626485 0.02265728112626485 0.0497140343158821 0.06225252969643643 0.08249010118785746
 0.0008798944126704796 0.001539815222173339 0.001319841619005719 0.001319841619005719 0.0008798944126704796
 0.002199736031676199 0.001979762428508579 0.0006599208095028596 0.001539815222173339 0.002859656841179059
 0.007039155301363837 0.003299604047514298 0.003519577650681918 0.003299604047514298 0.001099868015838099
 1 0.8534975802903652 0.7461504619445667 0.5182578090629124 0.5444346678398592
 0.002199736031676199 0.001759788825340959 0.001099868015838099 0.001759788825340959 0.0006599208095028596
 0.05455345358556973 0.05807303123625165 0.07809062912450505 0.08732952045754509 0.0996480422349318
 0 0.0008798944126704796 0.0002199736031676199 0.001099868015838099 0.0006599208095028596
 0.002639683238011439 0.004399472063352398 0.003299604047514298 0.002199736031676199 0.003079630444346678
 0.007699076110866696 0.005499340079190497 0.001759788825340959 0.003739551253849538 0.002419709634843819
 0.006159260888693356 0.004179498460184778 0.003959524857017158 0.009678838539375276 0.01253849538055433
 0.0006599208095028596 0.0002199736031676199 0.0002199736031676199 0.0002199736031676199 0.005719313682358117
 0.003299604047514298 0.002199736031676199 0.003079630444346678 0.0006599208095028596 0.001099868015838099
 0.01869775626924769 0.02463704355477343 0.02199736031676199 0.0310162780466344 0.0354157501099868
 0.01077870655521337 0.01495820501539815 0.01473823141223053 0.01869775626924769 0.02463704355477343
 0.001979762428508579 0.001319841619005719 0.002199736031676199 0.001319841619005719 0.003079630444346678
 0 0.0004399472063352398 0.0002199736031676199 0.0008798944126704796 0.0008798944126704796
 0.005499340079190497 0.001759788825340959 0.003739551253849538 0.002419709634843819 0.001759788825340959
 0 0.0002199736031676199 0 0.0002199736031676199 0
 0.002199736031676199 0.003079630444346678 0.0006599208095028596 0.001099868015838099 0.001099868015838099
 0.007039155301363837 0.004179498460184778 0.006379234491860977 0.008139023317201935 0.005499340079190497
 0 0.0004399472063352398 0 0 0.0002199736031676199
 0.02155741311042675 0.02067751869775627 0.01253849538055433 0.009678838539375276 0.005059392872855257
 0.005939287285525737 0.003739551253849538 0.004179498460184778 0.003079630444346678 0.001759788825340959
 0.004619445666520018 0.003959524857017158 0.006599208095028597 0.002859656841179059 0.001539815222173339
 0.009238891333040036 0.01363836339639243 0.01231852177738671 0.009238891333040036 0.003959524857017158
 0.04487461504619446 0.03607567091948966 0.03123625164980202 0.03167619885613726 0.026616805983282
 0.03299604047514298 0.04465464144302684 0.04817421909370875 0.06819181698196217 0.08139023317201936
 0 0.006599208095028597 0.01077870655521337 0.01011878574571051 0.008578970523537175
 0.01055873295204575 0.009238891333040036 0.01451825780906291 0.01825780906291245 0.02463704355477343


