# Created by Octave 3.8.0, Sun Sep 27 20:27:14 2015 BRT <marcelomtoledo@Marcelos-MacBook-Pro.local>
# name: X
# type: matrix
# rows: 761
# columns: 5
 0.003079630444346678 0.002639683238011439 0.004399472063352398 0.003299604047514298 0.002199736031676199
 0.002639683238011439 0.004399472063352398 0.003299604047514298 0.002199736031676199 0.003079630444346678
 0.004399472063352398 0.003299604047514298 0.002199736031676199 0.003079630444346678 0.0006599208095028596
 0.003299604047514298 0.002199736031676199 0.003079630444346678 0.0006599208095028596 0.001099868015838099
 0.002199736031676199 0.003079630444346678 0.0006599208095028596 0.001099868015838099 0.001099868015838099
 0.003079630444346678 0.0006599208095028596 0.001099868015838099 0.001099868015838099 0.001099868015838099
 0.0006599208095028596 0.001099868015838099 0.001099868015838099 0.001099868015838099 0.001319841619005719
 0.001099868015838099 0.001099868015838099 0.001099868015838099 0.001319841619005719 0.0004399472063352398
 0.001099868015838099 0.001099868015838099 0.001319841619005719 0.0004399472063352398 0.001099868015838099
 0.001099868015838099 0.001319841619005719 0.0004399472063352398 0.001099868015838099 0.0006599208095028596
 0.001319841619005719 0.0004399472063352398 0.001099868015838099 0.0006599208095028596 0.001319841619005719
 0.0004399472063352398 0.001099868015838099 0.0006599208095028596 0.001319841619005719 0.0004399472063352398
 0.001099868015838099 0.0006599208095028596 0.001319841619005719 0.0004399472063352398 0.001539815222173339
 0.0006599208095028596 0.001319841619005719 0.0004399472063352398 0.001539815222173339 0.0004399472063352398
 0.001319841619005719 0.0004399472063352398 0.001539815222173339 0.0004399472063352398 0
 0.0004399472063352398 0.001539815222173339 0.0004399472063352398 0 0.0004399472063352398
 0.001539815222173339 0.0004399472063352398 0 0.0004399472063352398 0.0002199736031676199
 0.0004399472063352398 0 0.0004399472063352398 0.0002199736031676199 0.0008798944126704796
 0 0.0004399472063352398 0.0002199736031676199 0.0008798944126704796 0.0008798944126704796
 0.0004399472063352398 0.0002199736031676199 0.0008798944126704796 0.0008798944126704796 0.0002199736031676199
 0.0002199736031676199 0.0008798944126704796 0.0008798944126704796 0.0002199736031676199 0.0002199736031676199
 0.0008798944126704796 0.0008798944126704796 0.0002199736031676199 0.0002199736031676199 0.0004399472063352398
 0.0008798944126704796 0.0002199736031676199 0.0002199736031676199 0.0004399472063352398 0.0008798944126704796
 0.0002199736031676199 0.0002199736031676199 0.0004399472063352398 0.0008798944126704796 0.0008798944126704796
 0.0002199736031676199 0.0004399472063352398 0.0008798944126704796 0.0008798944126704796 0.0002199736031676199
 0.0004399472063352398 0.0008798944126704796 0.0008798944126704796 0.0002199736031676199 0
 0.0008798944126704796 0.0008798944126704796 0.0002199736031676199 0 0.0002199736031676199
 0.0008798944126704796 0.0002199736031676199 0 0.0002199736031676199 0
 0.0002199736031676199 0 0.0002199736031676199 0 0.0002199736031676199
 0 0.0002199736031676199 0 0.0002199736031676199 0
 0.0002199736031676199 0 0.0002199736031676199 0 0.0002199736031676199
 0 0.0002199736031676199 0 0.0002199736031676199 0
 0.0002199736031676199 0 0.0002199736031676199 0 0.0002199736031676199
 0 0.0002199736031676199 0 0.0002199736031676199 0
 0.0002199736031676199 0 0.0002199736031676199 0 0
 0 0.0002199736031676199 0 0 0
 0.0002199736031676199 0 0 0 0.0002199736031676199
 0 0 0 0.0002199736031676199 0
 0 0 0.0002199736031676199 0 0.0004399472063352398
 0 0.0002199736031676199 0 0.0004399472063352398 0
 0.0002199736031676199 0 0.0004399472063352398 0 0
 0 0.0004399472063352398 0 0 0.0002199736031676199
 0.0004399472063352398 0 0 0.0002199736031676199 0
 0 0 0.0002199736031676199 0 0.0002199736031676199
 0 0.0002199736031676199 0 0.0002199736031676199 0
 0.0002199736031676199 0 0.0002199736031676199 0 0.0002199736031676199
 0 0.0002199736031676199 0 0.0002199736031676199 0.0004399472063352398
 0.0002199736031676199 0 0.0002199736031676199 0.0004399472063352398 0.0004399472063352398
 0 0.0002199736031676199 0.0004399472063352398 0.0004399472063352398 0.003739551253849538
 0.0002199736031676199 0.0004399472063352398 0.0004399472063352398 0.003739551253849538 0.003299604047514298
 0.0004399472063352398 0.0004399472063352398 0.003739551253849538 0.003299604047514298 0.004619445666520018
 0.0004399472063352398 0.003739551253849538 0.003299604047514298 0.004619445666520018 0.004839419269687638
 0.003739551253849538 0.003299604047514298 0.004619445666520018 0.004839419269687638 0.005719313682358117
 0.003299604047514298 0.004619445666520018 0.004839419269687638 0.005719313682358117 0.003519577650681918
 0.004619445666520018 0.004839419269687638 0.005719313682358117 0.003519577650681918 0.002859656841179059
 0.004839419269687638 0.005719313682358117 0.003519577650681918 0.002859656841179059 0.001979762428508579
 0.005719313682358117 0.003519577650681918 0.002859656841179059 0.001979762428508579 0.001539815222173339
 0.003519577650681918 0.002859656841179059 0.001979762428508579 0.001539815222173339 0.007699076110866696
 0.002859656841179059 0.001979762428508579 0.001539815222173339 0.007699076110866696 0.008578970523537175
 0.001979762428508579 0.001539815222173339 0.007699076110866696 0.008578970523537175 0.01011878574571051
 0.001539815222173339 0.007699076110866696 0.008578970523537175 0.01011878574571051 0.01121865376154861
 0.007699076110866696 0.008578970523537175 0.01011878574571051 0.01121865376154861 0.01781786185657721
 0.008578970523537175 0.01011878574571051 0.01121865376154861 0.01781786185657721 0.01077870655521337
 0.01011878574571051 0.01121865376154861 0.01781786185657721 0.01077870655521337 0.01473823141223053
 0.01121865376154861 0.01781786185657721 0.01077870655521337 0.01473823141223053 0.007039155301363837
 0.01781786185657721 0.01077870655521337 0.01473823141223053 0.007039155301363837 0.008578970523537175
 0.01077870655521337 0.01473823141223053 0.007039155301363837 0.008578970523537175 0.007259128904531456
 0.01473823141223053 0.007039155301363837 0.008578970523537175 0.007259128904531456 0.004839419269687638
 0.007039155301363837 0.008578970523537175 0.007259128904531456 0.004839419269687638 0.001759788825340959
 0.008578970523537175 0.007259128904531456 0.004839419269687638 0.001759788825340959 0.002859656841179059
 0.007259128904531456 0.004839419269687638 0.001759788825340959 0.002859656841179059 0.001979762428508579
 0.004839419269687638 0.001759788825340959 0.002859656841179059 0.001979762428508579 0.0008798944126704796
 0.001759788825340959 0.002859656841179059 0.001979762428508579 0.0008798944126704796 0.001539815222173339
 0.002859656841179059 0.001979762428508579 0.0008798944126704796 0.001539815222173339 0.001319841619005719
 0.001979762428508579 0.0008798944126704796 0.001539815222173339 0.001319841619005719 0.001319841619005719
 0.0008798944126704796 0.001539815222173339 0.001319841619005719 0.001319841619005719 0.0008798944126704796
 0.001539815222173339 0.001319841619005719 0.001319841619005719 0.0008798944126704796 0.0002199736031676199
 0.001319841619005719 0.001319841619005719 0.0008798944126704796 0.0002199736031676199 0.001099868015838099
 0.001319841619005719 0.0008798944126704796 0.0002199736031676199 0.001099868015838099 0.001979762428508579
 0.0008798944126704796 0.0002199736031676199 0.001099868015838099 0.001979762428508579 0.0006599208095028596
 0.0002199736031676199 0.001099868015838099 0.001979762428508579 0.0006599208095028596 0.0002199736031676199
 0.001099868015838099 0.001979762428508579 0.0006599208095028596 0.0002199736031676199 0.0004399472063352398
 0.001979762428508579 0.0006599208095028596 0.0002199736031676199 0.0004399472063352398 0.0004399472063352398
 0.0006599208095028596 0.0002199736031676199 0.0004399472063352398 0.0004399472063352398 0.0002199736031676199
