# Created by Octave 3.8.0, Thu Oct 01 00:48:21 2015 BRT <marcelomtoledo@Marcelos-MacBook-Pro.local>
# name: X
# type: matrix
# rows: 69
# columns: 6
 0.01957765068191817 0.01627804663440387 0.01605807303123625 0.01473823141223053 0.01495820501539815 1
 0.0008798944126704796 0.002199736031676199 0.001099868015838099 0.0008798944126704796 0 1
 0.001759788825340959 0.003739551253849538 0.002419709634843819 0.001759788825340959 0.002199736031676199 1
 0 0.0006599208095028596 0.0004399472063352398 0.0002199736031676199 0.0004399472063352398 1
 0.003299604047514298 0.001539815222173339 0.003299604047514298 0.0008798944126704796 0.003739551253849538 1
 0.0002199736031676199 0.0004399472063352398 0.0008798944126704796 0.0008798944126704796 0.0002199736031676199 1
 0.003079630444346678 0.003079630444346678 0.002199736031676199 0.002419709634843819 0.001319841619005719 1
 0.0002199736031676199 0 0.0002199736031676199 0.0002199736031676199 0 1
 0.002859656841179059 0.001759788825340959 0.01121865376154861 0.01451825780906291 0.01319841619005719 1
 0.007919049714034315 0.01363836339639243 0.01495820501539815 0.002419709634843819 0 1
 0.01517817861856577 0.01759788825340959 0.01847778266608007 0.01715794104707435 0.02155741311042675 1
 0.009018917729872416 0.007039155301363837 0.005939287285525737 0.003959524857017158 0.003959524857017158 1
 0.03123625164980202 0.03167619885613726 0.026616805983282 0.04663440387153542 0.03299604047514298 1
 0.008358996920369555 0.007919049714034315 0.005939287285525737 0.007699076110866696 0.005499340079190497 1
 0.003079630444346678 0.001319841619005719 0.0008798944126704796 0.001759788825340959 0.001099868015838099 1
 0.05807303123625165 0.07809062912450505 0.08732952045754509 0.0996480422349318 0.08908930928288605 1
 0.01033875934887813 0.01121865376154861 0.008798944126704795 0.005279366476022877 0.004839419269687638 1
 0.0006599208095028596 0.0004399472063352398 0.0008798944126704796 0.0008798944126704796 0.0006599208095028596 1
 0.001099868015838099 0.0008798944126704796 0.0006599208095028596 0.001539815222173339 0.001539815222173339 1
 0.01363836339639243 0.02067751869775627 0.01979762428508579 0.02705675318961724 0.03013638363396393 1
 0.02793664760228773 0.01385833699956005 0.01385833699956005 0.01363836339639243 0.009898812142542894 1
 0.009238891333040036 0.01451825780906291 0.01825780906291245 0.02463704355477343 0.05719313682358117 1
 0.0002199736031676199 0.0002199736031676199 0.005719313682358117 0.007039155301363837 0.004179498460184778 1
 0.009458864936207656 0.009458864936207656 0.006159260888693356 0.003959524857017158 0.003959524857017158 1
 0.0006599208095028596 0.0006599208095028596 0.0004399472063352398 0.0006599208095028596 0.0002199736031676199 1
 0.0006599208095028596 0.0004399472063352398 0.0006599208095028596 0.0002199736031676199 0.0002199736031676199 1
 0.0002199736031676199 0 0.0004399472063352398 0 0.0004399472063352398 1
 0 0.0002199736031676199 0 0.0004399472063352398 0.0002199736031676199 1
 0.02529696436427629 0.03079630444346678 0.04025516937967444 0.05059392872855258 0.0409150901891773 1
 0.03695556533216014 0.05455345358556973 0.05807303123625165 0.07809062912450505 0.08732952045754509 1
 0.0996480422349318 0.08908930928288605 0.08468983721953366 0.0620325560932688 0.03607567091948966 1
 0.003079630444346678 0.001539815222173339 0.002639683238011439 0.003959524857017158 0.006159260888693356 1
 0.001759788825340959 0.0008798944126704796 0.0006599208095028596 0.001099868015838099 0.001319841619005719 1
 0.007919049714034315 0.004619445666520018 0.003959524857017158 0.006599208095028597 0.002859656841179059 1
 0.0002199736031676199 0 0.0002199736031676199 0 0.0002199736031676199 1
 0.004399472063352398 0.002859656841179059 0.001759788825340959 0.01121865376154861 0.01451825780906291 1
 0.0354157501099868 0.03937527496700396 0.02793664760228773 0.01385833699956005 0.01385833699956005 1
 0.01495820501539815 0.01473823141223053 0.01869775626924769 0.02463704355477343 0.02199736031676199 1
 0.02507699076110867 0.01957765068191817 0.01627804663440387 0.01605807303123625 0.01473823141223053 1
 0.0002199736031676199 0 0.0002199736031676199 0 0.0002199736031676199 1
 0 0 0.0002199736031676199 0 0.0006599208095028596 1
 0.0002199736031676199 0 0.004839419269687638 0.007699076110866696 0.009458864936207656 1
 0.0002199736031676199 0 0.0002199736031676199 0 0.0004399472063352398 1
 0.001319841619005719 0.001979762428508579 0.0008798944126704796 0.003519577650681918 0.002419709634843819 1
 0.001979762428508579 0.0004399472063352398 0.0008798944126704796 0.0004399472063352398 0 1
 0 0.001979762428508579 0.001979762428508579 0.001099868015838099 0.001319841619005719 1
 0.001319841619005719 0.001319841619005719 0.0004399472063352398 0.0008798944126704796 0.001099868015838099 1
 0.1236251649802024 0.1381434227892653 0.09568851737791464 0.0675318961724593 0.05169379674439067 1
 0.001979762428508579 0.002859656841179059 0.002199736031676199 0.002419709634843819 0.001099868015838099 1
 0.005719313682358117 0.006159260888693356 0.007919049714034315 0.005939287285525737 0.007039155301363837 1
 0.002419709634843819 0.001319841619005719 0.001979762428508579 0.001979762428508579 0.002419709634843819 1
 0.0002199736031676199 0.0004399472063352398 0 0 0.0002199736031676199 1
 0.009238891333040036 0.007479102507699076 0.006599208095028597 0.009458864936207656 0.01077870655521337 1
 0.001759788825340959 0.01121865376154861 0.01451825780906291 0.01319841619005719 0.01407831060272767 1
 0.02771667399912011 0.01583809942806863 0.01055873295204575 0.007259128904531456 0.008358996920369555 1
 0.02903651561812582 0.02133743950725913 0.009898812142542894 0.006379234491860977 0.005939287285525737 1
 0.0006599208095028596 0.0004399472063352398 0.0006599208095028596 0.0002199736031676199 0.0006599208095028596 1
 0.005719313682358117 0.006159260888693356 0.009898812142542894 0.009678838539375276 0.01077870655521337 1
 0 0.0006599208095028596 0.0006599208095028596 0.0002199736031676199 0.0002199736031676199 1
 0.0004399472063352398 0.0002199736031676199 0.0002199736031676199 0.0002199736031676199 0 1
 0.001759788825340959 0.0006599208095028596 0.001539815222173339 0.001539815222173339 0.001539815222173339 1
 0 0.0004399472063352398 0.0002199736031676199 0.0002199736031676199 0.0004399472063352398 1
 0.08666959964804223 0.09546854377474703 0.08358996920369556 0.05499340079190497 0.03937527496700396 1
 0.03299604047514298 0.02309722833260009 0.01407831060272767 0.009458864936207656 0.009458864936207656 1
 0.01363836339639243 0.01495820501539815 0.002419709634843819 0 0.006599208095028597 1
 0.002859656841179059 0.001979762428508579 0.0008798944126704796 0.001539815222173339 0.001319841619005719 1
 0.0008798944126704796 0.0006599208095028596 0.001099868015838099 0.001319841619005719 0.0006599208095028596 1
 0 0.009898812142542894 0.01319841619005719 0.01297844258688957 0.01913770347558293 1
 0.06819181698196217 0.08139023317201936 0.06093268807743071 0.08666959964804223 0.09546854377474703 1


