# Created by Octave 3.8.0, Thu Oct 01 00:48:21 2015 BRT <marcelomtoledo@Marcelos-MacBook-Pro.local>
# name: X
# type: matrix
# rows: 612
# columns: 6
 0.0002199736031676199 0.0004399472063352398 0 0 0.0002199736031676199 1
 0.0002199736031676199 0 0.0002199736031676199 0 0.0002199736031676199 1
 0.001099868015838099 0.001099868015838099 0.001319841619005719 0.0004399472063352398 0.001099868015838099 1
 0.003959524857017158 0.007039155301363837 0.003299604047514298 0.003519577650681918 0.003299604047514298 1
 0.02551693796744391 0.01385833699956005 0.008139023317201935 0.005499340079190497 0.005719313682358117 1
 0 0 0 0.0002199736031676199 0.0008798944126704796 1
 0.001979762428508579 0.001319841619005719 0.001539815222173339 0.001759788825340959 0.001539815222173339 1
 0.02155741311042675 0.01517817861856577 0.01649802023757149 0.03299604047514298 0.04465464144302684 1
 0.0004399472063352398 0 0 0.0002199736031676199 0 1
 0.006599208095028597 0.009458864936207656 0.01077870655521337 0.01341838979322481 0.01869775626924769 1
 0.0008798944126704796 0.0004399472063352398 0 0.0006599208095028596 0.0004399472063352398 1
 0.006159260888693356 0.007919049714034315 0.005939287285525737 0.007039155301363837 0.004839419269687638 1
 0.03079630444346678 0.04025516937967444 0.05059392872855258 0.0409150901891773 0.05983282006159261 1
 0.002199736031676199 0.001759788825340959 0.0006599208095028596 0.001539815222173339 0.001539815222173339 1
 0.007259128904531456 0.004839419269687638 0.001759788825340959 0.002859656841179059 0.001979762428508579 1
 0 0 0.0006599208095028596 0 0.0002199736031676199 1
 0 0.0002199736031676199 0 0.0002199736031676199 0.0002199736031676199 1
 0.009458864936207656 0.005719313682358117 0.005279366476022877 0.004399472063352398 0.005939287285525737 1
 0.03189617245930489 0.02771667399912011 0.01583809942806863 0.01055873295204575 0.007259128904531456 1
 0.03585569731632204 0.03343598768147822 0.02529696436427629 0.01495820501539815 0.009678838539375276 1
 0.005279366476022877 0.004839419269687638 0.003959524857017158 0.002419709634843819 0.002859656841179059 1
 0.002859656841179059 0.001539815222173339 0.003739551253849538 0.001979762428508579 0.0008798944126704796 1
 0.001319841619005719 0.001099868015838099 0.001099868015838099 0.002199736031676199 0.001979762428508579 1
 0.0008798944126704796 0.0008798944126704796 0 0 0.0004399472063352398 1
 0.001539815222173339 0.003299604047514298 0.0008798944126704796 0.003739551253849538 0.005719313682358117 1
 0.002859656841179059 0.003299604047514298 0.001539815222173339 0.002639683238011439 0.003079630444346678 1
 0.001979762428508579 0.0008798944126704796 0.003519577650681918 0.002419709634843819 0.002859656841179059 1
 0.001759788825340959 0.002199736031676199 0.001759788825340959 0.001099868015838099 0.001759788825340959 1
 0.06093268807743071 0.08666959964804223 0.09546854377474703 0.08358996920369556 0.05499340079190497 1
 0.002199736031676199 0.001539815222173339 0.002199736031676199 0.001319841619005719 0.001979762428508579 1
 0.02309722833260009 0.01407831060272767 0.009458864936207656 0.009458864936207656 0.006159260888693356 1
 0.0004399472063352398 0.0008798944126704796 0.001099868015838099 0.0002199736031676199 0.0008798944126704796 1
 0.01077870655521337 0.01341838979322481 0.01869775626924769 0.01649802023757149 0.02089749230092389 1
 0.0719313682358117 0.05125384953805543 0.0332160140783106 0.02837659480862297 0.02507699076110867 1
 0.003739551253849538 0.001979762428508579 0.0008798944126704796 0.001319841619005719 0.001759788825340959 1
 0.07611086669599648 0.08205015398152221 0.1031676198856137 0.1033875934887813 0.1236251649802024 1
 0.001099868015838099 0.001099868015838099 0.0006599208095028596 0.0006599208095028596 0.0004399472063352398 1
 0.001759788825340959 0.0006599208095028596 0.002419709634843819 0.001759788825340959 0.0004399472063352398 1
 0.03607567091948966 0.02551693796744391 0.01385833699956005 0.008139023317201935 0.005499340079190497 1
 0 0.0002199736031676199 0.0002199736031676199 0 0.0002199736031676199 1
 0.0002199736031676199 0.0006599208095028596 0.001099868015838099 0.0008798944126704796 0.0004399472063352398 1
 0.0004399472063352398 0.0002199736031676199 0.0002199736031676199 0.0002199736031676199 0 1
 0.0002199736031676199 0 0.0004399472063352398 0.0002199736031676199 0.0002199736031676199 1
 0.02067751869775627 0.01253849538055433 0.009678838539375276 0.005059392872855257 0.006379234491860977 1
 0.1381434227892653 0.09568851737791464 0.0675318961724593 0.05169379674439067 0.02903651561812582 1
 0.02265728112626485 0.03079630444346678 0.03497580290365156 0.03299604047514298 0.02309722833260009 1
 0.004179498460184778 0.006379234491860977 0.008139023317201935 0.005499340079190497 0.007699076110866696 1
 0.005719313682358117 0.003079630444346678 0.002639683238011439 0.004839419269687638 0.004399472063352398 1
 0.005719313682358117 0.005719313682358117 0.007039155301363837 0.005939287285525737 0.002199736031676199 1
 0.06445226572811262 0.0431148262208535 0.03167619885613726 0.01605807303123625 0.007479102507699076 1
 0.002639683238011439 0.001319841619005719 0.001319841619005719 0.001759788825340959 0.001539815222173339 1
 0.01825780906291245 0.02463704355477343 0.05719313682358117 0.08095028596568411 0.08666959964804223 1
 0.001319841619005719 0.001539815222173339 0.001759788825340959 0.001539815222173339 0.001319841619005719 1
 0.03013638363396393 0.0321161460624725 0.0343158820941487 0.06445226572811262 0.0431148262208535 1
 0.0002199736031676199 0.0002199736031676199 0 0.0002199736031676199 0 1
 0.0004399472063352398 0 0.0004399472063352398 0.0002199736031676199 0.001319841619005719 1
 0.001759788825340959 0.001539815222173339 0.001759788825340959 0.001319841619005719 0.001099868015838099 1
 0.0002199736031676199 0 0.0008798944126704796 0.0002199736031676199 0.001099868015838099 1
 0.01385833699956005 0.008139023317201935 0.005499340079190497 0.005719313682358117 0.003079630444346678 1
 0.5235371755389353 0.7021557413110426 1 0.8534975802903652 0.7461504619445667 1
 0.002859656841179059 0.003519577650681918 0.002419709634843819 0.005279366476022877 0.003959524857017158 1
 0.0008798944126704796 0.003739551253849538 0.005719313682358117 0.005499340079190497 0.007919049714034315 1
 0.001099868015838099 0.001319841619005719 0.001099868015838099 0.001319841619005719 0.001539815222173339 1
 0.0006599208095028596 0.0006599208095028596 0.0002199736031676199 0.0002199736031676199 0 1
 0 0 0.0002199736031676199 0 0.0002199736031676199 1
 0.0332160140783106 0.02837659480862297 0.02507699076110867 0.01957765068191817 0.01627804663440387 1
 0.0008798944126704796 0.0002199736031676199 0.001099868015838099 0.001979762428508579 0.0006599208095028596 1
 0.03299604047514298 0.02507699076110867 0.02309722833260009 0.02155741311042675 0.02067751869775627 1
 0.0002199736031676199 0.0004399472063352398 0 0 0.0002199736031676199 1
 0.0002199736031676199 0 0.0002199736031676199 0 0.0002199736031676199 1
 0.001099868015838099 0.001099868015838099 0.001319841619005719 0.0004399472063352398 0.001099868015838099 1
 0.003959524857017158 0.007039155301363837 0.003299604047514298 0.003519577650681918 0.003299604047514298 1
 0.02551693796744391 0.01385833699956005 0.008139023317201935 0.005499340079190497 0.005719313682358117 1
 0 0 0 0.0002199736031676199 0.0008798944126704796 1
 0.001979762428508579 0.001319841619005719 0.001539815222173339 0.001759788825340959 0.001539815222173339 1
 0.02155741311042675 0.01517817861856577 0.01649802023757149 0.03299604047514298 0.04465464144302684 1
 0.0004399472063352398 0 0 0.0002199736031676199 0 1
 0.006599208095028597 0.009458864936207656 0.01077870655521337 0.01341838979322481 0.01869775626924769 1
 0.0008798944126704796 0.0004399472063352398 0 0.0006599208095028596 0.0004399472063352398 1
 0.006159260888693356 0.007919049714034315 0.005939287285525737 0.007039155301363837 0.004839419269687638 1
