# Created by Octave 3.8.0, Sun Sep 27 20:30:23 2015 BRT <marcelomtoledo@Marcelos-MacBook-Pro.local>
# name: X
# type: matrix
# rows: 68
# columns: 5
 0.05125384953805543 0.0332160140783106 0.02837659480862297 0.02507699076110867 0.01957765068191817
 0.001979762428508579 0.001979762428508579 0.001099868015838099 0.001319841619005719 0.001099868015838099
 0.02199736031676199 0.0310162780466344 0.0354157501099868 0.03937527496700396 0.02793664760228773
 0.0002199736031676199 0.002199736031676199 0.001539815222173339 0.002199736031676199 0.001319841619005719
 0 0 0.0002199736031676199 0.0008798944126704796 0.0006599208095028596
 0.001979762428508579 0.0004399472063352398 0.0006599208095028596 0.0004399472063352398 0.0008798944126704796
 0.0002199736031676199 0.0002199736031676199 0 0.0002199736031676199 0
 0.001539815222173339 0.001539815222173339 0.001979762428508579 0.002859656841179059 0.002199736031676199
 0.0008798944126704796 0.003519577650681918 0.002419709634843819 0.002859656841179059 0.002199736031676199
 0.004839419269687638 0.005719313682358117 0.003519577650681918 0.002859656841179059 0.001979762428508579
 0.01231852177738671 0.009238891333040036 0.003959524857017158 0.007039155301363837 0.003299604047514298
 0.001759788825340959 0.002859656841179059 0.003519577650681918 0.002419709634843819 0.005279366476022877
 0.01187857457105147 0.005719313682358117 0.005719313682358117 0.007039155301363837 0.005939287285525737
 0.04817421909370875 0.06819181698196217 0.08139023317201936 0.06093268807743071 0.08666959964804223
 0.0006599208095028596 0.002419709634843819 0.001759788825340959 0.0004399472063352398 0.002639683238011439
 0.01847778266608007 0.01715794104707435 0.02155741311042675 0.01517817861856577 0.01649802023757149
 0.0002199736031676199 0.001099868015838099 0.0006599208095028596 0.009238891333040036 0.007919049714034315
 0.008358996920369555 0.005059392872855257 0.004179498460184778 0.001979762428508579 0.003079630444346678
 0.001099868015838099 0.001099868015838099 0.002199736031676199 0.001979762428508579 0.002199736031676199
 0.01077870655521337 0.009238891333040036 0.01363836339639243 0.01231852177738671 0.009238891333040036
 0.001979762428508579 0.002199736031676199 0.001319841619005719 0.002419709634843819 0.001319841619005719
 0.006819181698196217 0.007919049714034315 0.01297844258688957 0.01297844258688957 0.02265728112626485
 0.004179498460184778 0.004399472063352398 0.002859656841179059 0.001759788825340959 0.01121865376154861
 0.0730312362516498 0.04487461504619446 0.03607567091948966 0.03123625164980202 0.03167619885613726
 0.003079630444346678 0.002639683238011439 0.004839419269687638 0.004399472063352398 0.002199736031676199
 0.009238891333040036 0.007919049714034315 0.009018917729872416 0.007039155301363837 0.005939287285525737
 0.001979762428508579 0.001099868015838099 0.001319841619005719 0.001099868015838099 0.001319841619005719
 0.001539815222173339 0.001539815222173339 0.001539815222173339 0.001979762428508579 0.002859656841179059
 0.003959524857017158 0.009678838539375276 0.01253849538055433 0.01297844258688957 0.01033875934887813
 0.5182578090629124 0.5444346678398592 0.3216014078310603 0.2309722833260009 0.1280246370435548
 0.001319841619005719 0.001539815222173339 0.002199736031676199 0.001759788825340959 0.0006599208095028596
 0 0.0002199736031676199 0 0 0
 0.005059392872855257 0.004179498460184778 0.001979762428508579 0.003079630444346678 0.001319841619005719
 0.001099868015838099 0.001979762428508579 0.0006599208095028596 0.0002199736031676199 0.0004399472063352398
 0.01121865376154861 0.01451825780906291 0.01319841619005719 0.01407831060272767 0.02529696436427629
 0.006159260888693356 0.009898812142542894 0.009678838539375276 0.01077870655521337 0.009238891333040036
 0 0 0.0002199736031676199 0 0.0002199736031676199
 0.001539815222173339 0.001319841619005719 0.001319841619005719 0.0008798944126704796 0.0002199736031676199
 0.005719313682358117 0.005279366476022877 0.004399472063352398 0.005939287285525737 0.003739551253849538
 0.1280246370435548 0.09480862296524417 0.09546854377474703 0.0719313682358117 0.05125384953805543
 0.003739551253849538 0.002419709634843819 0.001759788825340959 0.002199736031676199 0.001759788825340959
 0.0002199736031676199 0.0002199736031676199 0.0002199736031676199 0.0008798944126704796 0.0004399472063352398
 0.002639683238011439 0.003079630444346678 0.001539815222173339 0.002639683238011439 0.003959524857017158
 0.04553453585569732 0.03189617245930489 0.02771667399912011 0.01583809942806863 0.01055873295204575
 0.0002199736031676199 0 0 0.0002199736031676199 0
 0.026616805983282 0.04663440387153542 0.03299604047514298 0.02507699076110867 0.02309722833260009
 0.08095028596568411 0.08666959964804223 0.0686317641882974 0.1198856137263528 0.153321601407831
 0.0004399472063352398 0 0 0.0002199736031676199 0
 0.003519577650681918 0.003959524857017158 0.004619445666520018 0.001979762428508579 0.006819181698196217
 0.001539815222173339 0.001979762428508579 0.002859656841179059 0.002199736031676199 0.002419709634843819
 0.0002199736031676199 0.0004399472063352398 0.0004399472063352398 0.003739551253849538 0.003299604047514298
 0.0008798944126704796 0.0008798944126704796 0.001539815222173339 0.002199736031676199 0.0008798944126704796
 0.01385833699956005 0.01385833699956005 0.01363836339639243 0.009898812142542894 0.01099868015838099
 0.0004399472063352398 0.0008798944126704796 0.0008798944126704796 0.0006599208095028596 0.0002199736031676199
 0.0008798944126704796 0.001539815222173339 0.002199736031676199 0.0008798944126704796 0.001319841619005719
 0.0008798944126704796 0.0004399472063352398 0.009458864936207656 0.01055873295204575 0.009238891333040036
 0.009238891333040036 0.003959524857017158 0.007039155301363837 0.003299604047514298 0.003519577650681918
 0.001099868015838099 0.001099868015838099 0.001099868015838099 0.001319841619005719 0.0004399472063352398
 0.0008798944126704796 0.0002199736031676199 0.0002199736031676199 0.0004399472063352398 0.0008798944126704796
 0.02375714914210295 0.03695556533216014 0.05455345358556973 0.05807303123625165 0.07809062912450505
 0 0.0002199736031676199 0.0004399472063352398 0 0.0002199736031676199
 0.001319841619005719 0.0004399472063352398 0.0008798944126704796 0.001099868015838099 0.0002199736031676199
 0.05719313682358117 0.08095028596568411 0.08666959964804223 0.0686317641882974 0.1198856137263528
 0.003079630444346678 0.002199736031676199 0.002419709634843819 0.001319841619005719 0.0008798944126704796
 0.01297844258688957 0.01033875934887813 0.01121865376154861 0.008798944126704795 0.005279366476022877
 0.007919049714034315 0.01297844258688957 0.01297844258688957 0.02265728112626485 0.02265728112626485
 0.001539815222173339 0.007699076110866696 0.008578970523537175 0.01011878574571051 0.01121865376154861
 0.08358996920369556 0.05499340079190497 0.03937527496700396 0.03585569731632204 0.03343598768147822


