# Created by Octave 3.8.0, Sun Sep 27 20:30:23 2015 BRT <marcelomtoledo@Marcelos-MacBook-Pro.local>
# name: X
# type: matrix
# rows: 69
# columns: 5
 0.008139023317201935 0.005499340079190497 0.007699076110866696 0.01187857457105147 0.01869775626924769
 0 0.0002199736031676199 0 0 0
 0.007699076110866696 0.009458864936207656 0.01077870655521337 0.01495820501539815 0.01473823141223053
 0.0006599208095028596 0.0002199736031676199 0.0006599208095028596 0 0.0002199736031676199
 0.009458864936207656 0.006159260888693356 0.003959524857017158 0.003959524857017158 0.005059392872855257
 0.001539815222173339 0.002199736031676199 0.0008798944126704796 0.001319841619005719 0.001539815222173339
 0.01385833699956005 0.01385833699956005 0.01363836339639243 0.009898812142542894 0.01099868015838099
 0 0.0002199736031676199 0 0.0006599208095028596 0
 0.001539815222173339 0.002639683238011439 0.003959524857017158 0.006159260888693356 0.006599208095028597
 0.003079630444346678 0.002639683238011439 0.004399472063352398 0.003299604047514298 0.002199736031676199
 0.007699076110866696 0.01187857457105147 0.01869775626924769 0.02375714914210295 0.03695556533216014
 0.0002199736031676199 0.0002199736031676199 0.0002199736031676199 0 0.0008798944126704796
 0.0002199736031676199 0.0002199736031676199 0.0008798944126704796 0.0004399472063352398 0
 0.0002199736031676199 0 0.0002199736031676199 0 0
 0 0.0002199736031676199 0.0004399472063352398 0.0004399472063352398 0.003739551253849538
 0.003079630444346678 0.001319841619005719 0.0008798944126704796 0.001759788825340959 0.001099868015838099
 0.002419709634843819 0 0.006599208095028597 0.01077870655521337 0.01011878574571051
 0.0006599208095028596 0.009238891333040036 0.007919049714034315 0.009018917729872416 0.007039155301363837
 0.0004399472063352398 0.0008798944126704796 0.0004399472063352398 0.009458864936207656 0.01055873295204575
 0.001099868015838099 0.002199736031676199 0.001979762428508579 0.002199736031676199 0.001319841619005719
 0.009898812142542894 0.01099868015838099 0.008358996920369555 0.005059392872855257 0.004179498460184778
 0.004839419269687638 0.007699076110866696 0.009458864936207656 0.01077870655521337 0.01495820501539815
 0.01121865376154861 0.008798944126704795 0.005279366476022877 0.004839419269687638 0.003959524857017158
 0.002419709634843819 0.001759788825340959 0.002199736031676199 0.001759788825340959 0.001099868015838099
 0.1663000439947206 0.2771667399912011 0.4359876814782226 0.5235371755389353 0.7021557413110426
 0.09568851737791464 0.0675318961724593 0.05169379674439067 0.02903651561812582 0.02133743950725913
 0.0002199736031676199 0 0.0002199736031676199 0 0.0004399472063352398
 0.0310162780466344 0.0354157501099868 0.03937527496700396 0.02793664760228773 0.01385833699956005
 0.0002199736031676199 0.0004399472063352398 0.0004399472063352398 0.0002199736031676199 0
 0.009678838539375276 0.005059392872855257 0.006379234491860977 0.001979762428508579 0.001979762428508579
 0.001979762428508579 0.003079630444346678 0.001319841619005719 0.0008798944126704796 0.001759788825340959
 0.004399472063352398 0.005939287285525737 0.003739551253849538 0.004179498460184778 0.003079630444346678
 0.001979762428508579 0.0008798944126704796 0.001319841619005719 0.001759788825340959 0.002859656841179059
 0.002859656841179059 0.002199736031676199 0.001319841619005719 0.002419709634843819 0.001759788825340959
 0.003079630444346678 0.0006599208095028596 0.001099868015838099 0.001099868015838099 0.001099868015838099
 0.0008798944126704796 0.0006599208095028596 0 0.0004399472063352398 0.0008798944126704796
 0.0008798944126704796 0 0.0002199736031676199 0.0006599208095028596 0.001099868015838099
 0.0008798944126704796 0.0008798944126704796 0.0008798944126704796 0 0
 0.0006599208095028596 0 0.0002199736031676199 0.0004399472063352398 0
 0.001099868015838099 0.001759788825340959 0.0006599208095028596 0.001319841619005719 0.0008798944126704796
 0.002639683238011439 0.0008798944126704796 0.003299604047514298 0.001539815222173339 0.003299604047514298
 0.003519577650681918 0.002419709634843819 0.002859656841179059 0.002199736031676199 0.001319841619005719
 0.002199736031676199 0.001319841619005719 0.003079630444346678 0.003519577650681918 0.004179498460184778
 0.007039155301363837 0.004839419269687638 0.005939287285525737 0.006159260888693356 0.004179498460184778
 0.09590849098108227 0.04553453585569732 0.03189617245930489 0.02771667399912011 0.01583809942806863
 0.1031676198856137 0.1033875934887813 0.1236251649802024 0.1381434227892653 0.09568851737791464
 0.1033875934887813 0.1236251649802024 0.1381434227892653 0.09568851737791464 0.0675318961724593
 0.0002199736031676199 0.001099868015838099 0.001979762428508579 0.0006599208095028596 0.0002199736031676199
 0.005279366476022877 0.003959524857017158 0.004179498460184778 0.006599208095028597 0.01363836339639243
 0.001539815222173339 0.0002199736031676199 0.002199736031676199 0.001539815222173339 0.002199736031676199
 0.08732952045754509 0.0996480422349318 0.08908930928288605 0.08468983721953366 0.0620325560932688
 0.009898812142542894 0.01319841619005719 0.01297844258688957 0.01913770347558293 0.03277606687197536
 0.002419709634843819 0.001759788825340959 0.0006599208095028596 0.002419709634843819 0.001759788825340959
 0.001319841619005719 0.0004399472063352398 0.001099868015838099 0.0006599208095028596 0.001319841619005719
 0.001319841619005719 0.0008798944126704796 0.0008798944126704796 0.0008798944126704796 0.0008798944126704796
 0.0002199736031676199 0.001319841619005719 0.0004399472063352398 0.0008798944126704796 0.0004399472063352398
 0.01627804663440387 0.01605807303123625 0.01473823141223053 0.01495820501539815 0.01891772987241531
 0.0008798944126704796 0.0008798944126704796 0.0002199736031676199 0.0002199736031676199 0.0004399472063352398
 0.02309722833260009 0.02155741311042675 0.02067751869775627 0.01253849538055433 0.009678838539375276
 0.008578970523537175 0.01011878574571051 0.01121865376154861 0.01781786185657721 0.01077870655521337
 0.0002199736031676199 0 0.0002199736031676199 0 0.001979762428508579
 0.01869775626924769 0.02375714914210295 0.03695556533216014 0.05455345358556973 0.05807303123625165
 0.01385833699956005 0.01363836339639243 0.009898812142542894 0.01099868015838099 0.008358996920369555
 0.002199736031676199 0.001759788825340959 0.002199736031676199 0.001979762428508579 0.0006599208095028596
 0.0002199736031676199 0.0004399472063352398 0.0002199736031676199 0.0002199736031676199 0.0002199736031676199
 0.0002199736031676199 0 0 0.001759788825340959 0.002859656841179059
 0.05169379674439067 0.02903651561812582 0.02133743950725913 0.009898812142542894 0.006379234491860977
 0.005939287285525737 0.002199736031676199 0.007259128904531456 0.005719313682358117 0.006159260888693356
 0.03167619885613726 0.01605807303123625 0.007479102507699076 0.005059392872855257 0.002639683238011439


