# Created by Octave 3.8.0, Sun Sep 27 20:38:51 2015 BRT <marcelomtoledo@Marcelos-MacBook-Pro.local>
# name: w1
# type: matrix
# rows: 10
# columns: 6
 0.05633529460575945 0.01951813425681062 -0.05789061344779069 0.02528426522780494 0.02108202372501237 -0.07795033966911832
 -0.04843933656109924 -0.07614671314439904 0.09680084283232981 0.06752972641073329 -0.03491734484587387 0.001405258686179772
 0.07911668575304634 -0.001731727536593536 -0.007282597465103943 0.01818447186494901 -0.04254163651649313 0.07352651277290695
 0.09933325393220949 0.09028717924065907 -0.04747646661898816 -0.04043958367025228 0.06334101656510527 -0.02019330437287506
 -0.07609671059408749 -0.08706685671243757 -0.08316767732761644 0.06766898683388853 0.07116018872726493 -0.01039768517685323
 -0.0881603457298084 0.08999184145660546 0.08578437819275028 -0.08555184950214875 -0.02696500713356752 0.05521176317130536
 -0.08439005695554458 -0.05825920214104995 -0.06492328241645212 0.01187100127149873 0.01520480144246635 0.08799382807611644
 -0.05053387350417048 -0.04103621520117752 0.03124157370162356 0.09863099320927154 -0.08520206058145627 0.06531990013076491
 -0.004849670556027447 0.03472235465446175 -0.06940402662876859 -0.07651695533487779 0.06513301642938374 -0.0642081645339504
 0.0202036208684168 0.04810968131934232 -0.04243251381376593 -0.05813538507307873 -0.03832679884119691 0.03978688963220187


