# Created by Octave 3.8.0, Sun Sep 27 20:47:02 2015 BRT <marcelomtoledo@Marcelos-MacBook-Pro.local>
# name: w1
# type: matrix
# rows: 10
# columns: 6
 0.089301898220459 -0.08698469421729295 0.02115717187455804 0.07536473164989474 0.07341129241992825 0.09904445714936891
 0.03538313714863547 -0.03675046858445846 -0.03170977253121131 0.07702428586343898 -0.05930272441994372 -0.06482001882850372
 -0.03284935875054527 -0.07476216093503624 0.0864732897139866 -0.07668753026411203 0.01494750121916352 -0.08383016679930093
 0.03395011943520371 0.007829406627336416 -0.06892591297633215 0.06628761832068872 -0.08322103207336728 -0.04349193036497606
 -0.09315858289928403 -0.04313956085933305 -0.09087387275896634 -0.038194054760294 -0.06905967267047312 0.01917240617440692
 0.004416806096174009 0.088620713379023 0.001787256546449262 0.05753484305159537 0.01342482439558441 -0.02439977324768074
 0.09443840939104459 0.08899092391500074 0.05181638592718074 0.08533733175893241 0.01867556362964365 -0.005450141700451785
 0.02620914198156549 -0.08653872429043201 0.0316222226588008 0.09176609280398415 0.08700610533083 -0.09445626025372664
 -0.04609720248984825 0.08127015667928214 -0.0675321355933233 0.04594680175788798 -0.06924738486715459 0.0888093813856069
 -0.01032155158943281 0.004375857041966816 -0.08998634636128566 0.05848197545041348 0.03141780567396174 -0.09355111845549514


