# Created by Octave 3.8.0, Sun Sep 27 20:41:00 2015 BRT <marcelomtoledo@Marcelos-MacBook-Pro.local>
# name: w1
# type: matrix
# rows: 10
# columns: 6
 -0.09685434097064469 0.02260143899404599 -0.04253810674270401 0.07904400557205427 -0.08051766511681843 -0.07737253869071192
 -0.01234738136381056 -0.02077540396935426 0.007944416564845944 0.01902398801780089 0.06845027109935714 -0.08271907984971089
 0.07214914438223721 -0.03247451084695306 0.04253496129823542 0.02920708163536528 0.07890929902789298 -0.007259839783946564
 -0.01173053916265512 -0.01495138233344365 -0.03893137625974838 -0.06107215555203908 -0.07826456718133953 -0.02330286675331029
 0.0684872436100426 -0.06642705369485748 0.03841661360898288 0.07956630194948974 0.05602534907045625 -0.05575182726792184
 -0.05473214988406029 0.015727695447096 -0.02022888980404811 0.02357834350992431 0.02162417798738139 0.06014783468367751
 -0.0416998962745842 0.00466716353268018 -0.005881375658986915 -0.001076646782029594 -0.06945378858454315 -0.08591201269433299
 -0.05916333103136996 0.04120627030945087 0.01157028366865073 0.002095771978637667 0.03900058573289122 -0.02397713132605704
 0.07884978505593754 -0.08248792563971016 0.01670190098669817 -0.07640736148924737 0.097897745522497 -0.01119309039264836
 0.0502228326240447 0.09540079104515684 -0.02788708316899652 0.05735104957067483 -0.0521348124052364 -0.03218464011398135


