# Created by Octave 3.8.0, Sun Sep 27 20:42:14 2015 BRT <marcelomtoledo@Marcelos-MacBook-Pro.local>
# name: w1
# type: matrix
# rows: 10
# columns: 6
 -0.08118115013345389 0.0427938966544546 0.0297635916708566 -0.06068413068283415 -0.06068340216512703 -0.07732608992399775
 -0.006325805003665405 -0.08702380636426323 0.06406538669687603 -0.06074794893694954 0.008001510081911925 0.04053716384206496
 0.007185605656763627 0.09717937232465571 -0.09596933764937617 0.01482793690639232 -0.008124758434360543 -0.03383480520393349
 -0.052093285942716 0.03460502960376188 -0.09742297193374864 0.07250603064478517 -0.03765503030600496 0.07960900956742417
 -0.08511133703123752 -0.02307600604210344 -0.009736550431907659 -0.0744502051030807 0.07125818707097925 0.06385044420063951
 0.002382881618157584 -0.07695994739999083 -0.04318366063266976 -0.0767107652981712 -0.02718341749554611 -0.03629553818350355
 0.04873305082829851 -0.09324239356891091 0.05905553544411948 -0.005249520447848349 0.08611966627462872 0.02519293296824338
 -0.09578403127549788 -0.08133198303994151 -0.06887885411963328 -0.02935969711301577 0.02048614659877031 -0.04027519792543312
 0.04648141462201477 0.06472873121424305 0.0257310219402736 -0.05443789634090538 0.04100678312565118 0.09115442151763051
 -0.01267988240544095 0.07510238165598745 0.0838709789059246 0.067385580949374 0.003177710963887151 -0.02687970301048209


