# Created by Octave 3.8.0, Sun Sep 27 20:44:09 2015 BRT <marcelomtoledo@Marcelos-MacBook-Pro.local>
# name: w1
# type: matrix
# rows: 10
# columns: 6
 -0.08900749440971335 -0.05988926309930852 0.07979007774433955 -0.08969063736314109 -0.02562534054317706 0.09111203398168824
 0.06009557852530853 -0.06859647948353911 -0.07300098560932859 0.0921159250978609 -0.03403020652450041 -0.02045342525763821
 0.07519250036124531 -0.08462331465434515 -0.01833982847379959 0.04939661954806551 0.01818490313988133 0.06250375766066829
 0.04560246481120758 0.05815212758308402 -0.0505624834504108 -0.007414413896519451 0.09597394536155399 -0.07422760245876125
 0.01070734179861002 -0.07501642540464164 -0.09981670893436831 -0.009518544841512461 -0.05794899617978774 -0.04632761467356198
 0.02689565638532704 0.02785611490699919 -0.09036520467965053 0.07593018534512924 -0.03829967006222171 0.01667608075773339
 -0.0431042579621337 -0.06411727296986836 -0.0851575382912923 -0.04845465585952718 -0.05577816248587308 0.06835755696757348
 -0.08014313889435992 0.0546303224712906 -0.08738841509797285 -0.08669749506393584 -0.07872333905045416 -0.01980701154887433
 0.0749431154198201 -0.03764468923608767 -0.05413668872620735 0.01012272134967647 0.04468740077961547 -0.04423879496487168
 0.07680574466369483 -0.01122982063439647 -0.09736558351227684 -0.04455022587970216 0.08578736855453786 -0.0395882137505402


