# Created by Octave 3.8.0, Sun Sep 27 20:44:35 2015 BRT <marcelomtoledo@Marcelos-MacBook-Pro.local>
# name: w1
# type: matrix
# rows: 10
# columns: 6
 0.01777459768811711 -0.06900201731807806 0.07595816387102111 -0.06043778357636566 -0.01656847906775095 0.0417751950661627
 -0.05566174817916478 0.05462356593153098 0.05290831532052792 0.08664535216651928 0.07209011124646966 0.07203501603983728
 -0.06756315474058436 0.06475057054092503 -0.06115322660299602 -0.03472313212731198 -0.0477077748804399 0.09826281777932969
 -0.01956426947803015 0.04063717079624224 -0.004839875152384321 -0.05937778688696524 -0.03151509998858375 -0.02291825582242744
 -0.02207624219363989 0.03836652775324073 0.06461210498505654 -0.0619182007493723 -0.0495756670625353 -0.09290769727437784
 -0.02916832573624308 -0.04749170277747788 -0.08891824246683119 -0.007625104349737497 -0.03313238434724572 -0.03627012878909962
 -0.07453846232033376 -0.02456474388549711 -0.09534978400339451 -0.0419989697403712 0.07629777474868857 -0.02372966615124444
 -0.0482335084589273 -0.09721103713716772 -0.06197699650921064 -0.06288851357692063 0.05097403518768745 0.05973021404140766
 -0.009056949177640564 -0.06806940695511507 -0.009487516686811776 0.07434119243841741 0.02001823985854208 0.04575472601210714
 -0.04439471761228869 0.0930760018093798 -0.01560360123336521 -0.02103311876651971 -0.0231503289691696 0.02787911684767139


