# Created by Octave 3.8.0, Sun Sep 27 20:45:43 2015 BRT <marcelomtoledo@Marcelos-MacBook-Pro.local>
# name: w1
# type: matrix
# rows: 10
# columns: 6
 -0.0126470934496731 -0.08526795294875383 -0.07784212538170247 -0.08215579063598796 -0.03517421536152471 -0.06523360881740939
 0.09012629580697171 0.09895926880946168 -0.05866720302666905 -0.009066740444421476 -0.07172719609604972 -0.06118749763318537
 0.06062629120207899 0.09933752993825556 0.08409359314965612 0.09372184910248735 0.02024139884802105 0.03895538156029835
 -0.07586769419539707 0.01102303289764968 0.04677104178003663 -0.04175216633217946 0.08124359378971846 0.02038720803071281
 -0.08705372566647697 -0.008588830956093141 -0.09821979709441335 0.09101177939639463 -0.07056304221168014 0.04951341657204186
 0.06745068607478333 0.01520759919226644 -0.08929329352310586 0.03535688470994219 0.01113690553431279 0.01455280715218395
 0.09841198840336626 0.0644367657551693 -0.009364548247894691 -0.0005704988082077256 0.04770529056914388 -0.07107562131159595
 0.0463695406762599 -0.0004062377921696531 -0.08743377032208181 0.02352452419148414 -0.04137394864316385 0.01707157957916132
 0.001741451662949964 -0.04520369744046832 -0.03967784611449082 -0.02283533822631739 0.007174146458378883 -0.04206654370416533
 0.06158641528266184 0.02751249024404273 0.07621920541106428 -0.04878709291198148 0.02045095859634402 0.06219171684016242


