# Created by Octave 3.8.0, Sun Sep 27 20:46:15 2015 BRT <marcelomtoledo@Marcelos-MacBook-Pro.local>
# name: w1
# type: matrix
# rows: 10
# columns: 6
 0.01778702255550586 0.07506976382066696 0.04468143619979456 0.03087103524469562 0.01365672650333512 -0.02846176185932289
 0.0327808573002123 -0.02039331758280574 -0.06747462585580005 -0.08092869733592478 0.03838027767700772 0.05999187538346995
 -0.009229778715604986 -0.07250367132272825 -0.09018114929425292 -0.009737797789522093 0.08317757065514794 -0.06206844666997259
 0.09434256048166664 -0.03453841036769724 0.09715564929757045 -0.005600092838817225 0.06834113151332552 0.002250050681053592
 0.0198568231811547 -0.08354222608987824 0.001476042791262011 0.06900620907947061 0.09747025702649301 -0.05646083326870314
 -0.008830962607253232 -0.01605205187919166 -0.05294787080245197 -0.02196575044299255 -0.05435785703114084 0.04638480817518315
 -0.05893900083335873 0.05665062984675667 -0.01267421091586479 0.02069582225106212 -0.008704348489841862 0.04352760891689339
 0.05230481568312717 -0.06401815021056753 -0.02817693298874448 -0.06572669718027649 -0.04805562163506739 0.03582397802088727
 -0.01065184053591881 -0.08719046372919774 0.0214009829781423 0.0485165102107144 -0.0805066003354349 0.06555686249856332
 0.08586118182258015 0.06346427188572332 -0.09367483974982491 -0.02874940318923148 0.09347195522701221 0.02866191543689292


