# Created by Octave 3.8.0, Sun Sep 27 20:46:31 2015 BRT <marcelomtoledo@Marcelos-MacBook-Pro.local>
# name: w1
# type: matrix
# rows: 10
# columns: 6
 0.07672682589282184 -0.05641869978584081 0.05214162562768634 -0.06462307891144031 -0.09793989713827035 -0.03470888451458311
 0.04488469869453116 -0.01298035315451783 0.07773709278433388 -0.09683700726786097 0.02823244493496896 -0.002860576082971272
 0.04760375593868413 0.02341945285091282 0.01259046155507484 0.01729951454751484 -0.03618947754097747 -0.09818009284836861
 0.01203433377431126 0.08576177356353373 0.03534158057046727 0.0409749165112395 0.06164833800933719 -0.03434005701896944
 -0.01783360005132323 0.08110007188781174 0.06564116757519964 -0.02959421700699637 0.07691134591578205 0.02207938374343602
 -0.02520930580492735 0.041263444308061 -0.06667360100673822 -0.02393911241591246 0.04600425158928406 0.0223522977403257
 -0.02890835099734262 -0.06371048530676354 -0.05915477021821067 0.06011865810533221 -0.09901507842649589 0.03796796580712347
 -0.02506053198192047 0.0459154441176956 -0.02284835045200929 0.02010092324779296 0.01875039204633502 0.003821456520823038
 0.001209700018438079 0.04067620842364522 0.08985974766281501 -0.05037090906196199 0.05949123225673231 -0.08863960397342993
 -0.06593404975713804 -0.09162004261865637 -0.0983076871100996 0.05319027592643497 -0.03956733807088721 -0.06113102394122271


