# Created by Octave 3.8.0, Sun Sep 27 20:46:44 2015 BRT <marcelomtoledo@Marcelos-MacBook-Pro.local>
# name: w1
# type: matrix
# rows: 10
# columns: 6
 -0.09586023241113113 -0.01535252041413845 0.071628437030924 -0.05418157320880083 0.01887691020123879 -0.09205864683436268
 -0.02384193300345855 0.05568724994982818 -0.06045422037661524 -0.02709787661377699 0.005955246847981321 0.06964356809176969
 0.06072272383853347 0.09214269267092237 -0.06096784551420312 -0.03854707688556444 -0.0202297030225148 -0.04145378513969261
 0.07892090388901471 0.02719492049058214 0.04242827158881568 0.08907601979731941 0.09540336248742651 -0.05819456419312416
 -0.01760563134197066 -0.06567147249887607 0.03772983074625658 -0.0768739235385881 0.02818044811263909 -0.0398529111523056
 0.05662693163814994 -0.001011977224657346 -0.04632965458337607 -0.02074571358274392 0.01682241152483939 0.08292457052310595
 0.06865785213502856 -0.08067415890456765 0.01276855491053086 -0.06460024792948095 -0.06076075403589713 0.008814755583247763
 0.04250970638782006 -0.09477979288381277 0.02672331200558109 -0.07027635082627401 0.06532019658031205 -0.001086573480226574
 0.03098470102419343 -0.06514901774202816 0.05209590226178382 0.0481669691435915 -0.01629714193459918 -0.001823225533278974
 -0.06269631446650538 -0.04296075170439141 0.04069853598570111 0.0947251186405984 0.040199769924538 0.09435936172191395


