# Created by Octave 3.8.0, Sun Sep 27 20:41:00 2015 BRT <marcelomtoledo@Marcelos-MacBook-Pro.local>
# name: w1
# type: matrix
# rows: 10
# columns: 6
 0.3186998711478533 -0.1570333325833898 -1.117751948408938 -2.39865503385393 -1.247782548304833 1.06831220791116
 0.5060589166521232 0.5470842019694057 0.7734886359566733 0.519821316563038 0.6159232160771093 -0.2422595719830311
 0.05036988774058239 -0.002239776520303512 0.1709561962605053 0.1570297945732119 0.2992430134259977 0.03593563904373411
 -0.0998596665367885 0.5265464276502784 -0.31579031500395 0.5989545699420086 2.747763091870523 -0.7935001584761882
 -0.1430922032183465 -0.1763798035646996 0.2962999541156799 0.3689036091334332 0.8254246274285889 0.1462617807005235
 -0.5708336364725145 -0.6724304528058213 -1.149389523077733 -0.8098213129370073 -1.428091107440881 1.549136453749249
 0.4860032097894677 0.4050971440477152 0.1213947210949948 0.1274439460938872 0.3008790068774541 -0.6336014904665991
 -0.6438335921596071 -0.7410578054252617 -0.8258963937754712 -0.2779930504293651 -0.8337418479926151 0.1991675353838029
 -0.5071518675409087 -0.5350399848347579 -0.6371304793434083 -0.4599542814372572 -0.4500720763984162 -0.09203864446330712
 0.7706824977921882 1.196105358047615 0.0772418507198773 -0.3666852318812673 0.6323646277889157 -0.2493521427623372


