# Created by Octave 3.8.0, Sun Sep 27 20:47:27 2015 BRT <marcelomtoledo@Marcelos-MacBook-Pro.local>
# name: w1
# type: matrix
# rows: 10
# columns: 6
 -0.2142973989213811 -0.1747620402322743 0.06227888980673359 0.1846585226924138 0.4063383677066658 0.1490275614414502
 0.08944207436690974 -0.06172983459102821 -0.00902288077271127 0.05433838395527747 -0.005264015370855931 -0.06465466312209059
 0.02888020932923003 -0.04738027367143543 0.1534647594651219 -0.1115652929915251 -0.04942089588167068 -0.07100040109892752
 0.6406551908898459 1.623633461051162 -0.1127821497956448 0.3691888350068456 0.2694588930012858 -0.345153091293888
 -1.27454972015869 -0.3306226548507343 -1.11101857420437 0.6938291421124616 -1.155271576762922 0.6000355856666143
 -0.1375645483453783 1.372884003345199 -0.3561523850080816 0.5386955586575625 1.352375182630464 0.1141540063943947
 -0.1243802345330213 0.04047799979856043 1.446296038662068 0.06548275019203689 2.030783012869127 -1.780515625169959
 -0.125412749731966 -0.3123596490953288 0.5476821374583691 -0.06138855496745068 0.5182149835810476 -0.1349850018588257
 -0.4421709309494881 -0.2411546742655535 -0.6024818407703432 0.2485879305323764 -0.8303742234486207 1.144262190376698
 0.0469564828907465 0.1170086718379953 -0.3695599540934759 0.09222983090341372 -0.2210753527557529 -0.06638200333268751


