# Created by Octave 3.8.0, Sun Sep 27 20:42:14 2015 BRT <marcelomtoledo@Marcelos-MacBook-Pro.local>
# name: w1
# type: matrix
# rows: 10
# columns: 6
 0.1786174031026523 -0.2676541289361231 0.2306843939775655 0.1257134052353862 -0.2492197568118392 -0.1627024539473783
 -0.05238284009839259 -0.6607399607040669 -0.4687976324986891 -0.6640745693454271 -0.4240567311114025 0.3174553845394082
 -0.7699842345268103 -1.138672723513594 -0.3770841329770795 -0.4532605259190693 0.449498843027432 -0.1817463180914605
 -0.8010405705097057 0.07894259307064649 -1.624872773345128 -0.4677617360138152 -0.5421987252064145 1.149975783114937
 -0.00866192449563679 0.6158561766469813 -0.1799342692282028 0.04548740510471868 0.2042297155717028 -0.2037730480120129
 -0.8517466111683485 -0.329895901246289 -0.4942814837242379 -0.335233218229139 -0.2430520276797863 -0.3329505491303537
 1.255010554376354 -0.1870003624130709 0.7748798704039316 0.4283384290025295 -0.1385116256765069 -1.054446837400265
 0.2046465710193793 0.1847405197352552 0.2028966851141422 0.1461477415081472 0.292795252031968 -0.03791840748742449
 1.209800920743338 0.4846866657748032 0.585325613177454 0.4204048150552194 0.4152518227494705 0.4522489158524917
 -0.02706894000026705 0.2100716963826943 -0.134438023014687 0.09308906486586442 0.2341382745713418 -0.1891261700441529


