# Created by Octave 3.8.0, Sun Sep 27 20:44:09 2015 BRT <marcelomtoledo@Marcelos-MacBook-Pro.local>
# name: w1
# type: matrix
# rows: 10
# columns: 6
 -0.07013522721812668 0.04716450674877493 0.06888125621031192 0.1332930999947539 0.1815665428551676 -0.07496732293182472
 0.06012710654514921 -0.08682680717845295 0.09753557537295494 0.07225119201745112 0.06010075316025685 0.01707460953692713
 -0.2304537493939737 0.3049074608962066 -0.3444544194700456 -0.02170703806608464 0.3281366476223907 0.3722216441917762
 0.6434420032753688 1.050869430615355 -0.3097316122388434 0.5250223686430803 -0.3482069231159547 0.1824286822245071
 -1.108455347772774 1.105369820114131 -0.8709204222908647 0.01791876211799083 -1.593140578000554 2.150551807537271
 0.3402318042543099 0.003390366508175195 0.3917530669207476 0.3026823192328942 0.000688587818249495 -0.4279363756133058
 0.1499366498877987 -0.0993603566264826 0.0111520831044099 -0.20431618691745 -0.1463644521748628 -0.01665781738355406
 0.6745734332001747 0.4027561104724315 -0.2291747186472614 -0.248550091371775 -0.4005732947867834 -0.5267020361027972
 0.3689566703242285 0.626162493448011 0.188358636107289 0.3373709301003789 1.437369690268999 0.2530422251242833
 0.4497475177247814 -0.7465176128216425 0.8911021430514157 0.2954499100876558 2.005065549939201 -1.751033894659531


