# Created by Octave 3.8.0, Sun Sep 27 20:44:35 2015 BRT <marcelomtoledo@Marcelos-MacBook-Pro.local>
# name: w1
# type: matrix
# rows: 10
# columns: 6
 -1.005199015858523 -1.040898656021204 0.3899098779831589 -0.2424512089109721 0.8866693151470205 0.8943465280547616
 0.1256616536140772 -0.1623983092293348 -0.04055788468365974 0.003231492723467632 -0.02759925575879235 -0.01045950451252833
 -0.0328710116652394 -0.0864561170050505 -0.08798357261100338 -0.01359379168532718 0.01987183963446014 0.07623381311060867
 0.623682042347823 -0.3659639746481958 1.240516842782257 -1.050406745309048 1.860918517529619 -1.100234169031386
 1.405702361564602 0.07811489958153169 0.9736317630496178 -0.8935618388035785 1.260407821473666 -1.969763063825698
 0.1911052922927846 0.1140715644114936 -0.03340167428237727 0.3302137994404198 -0.2371636193688876 -0.1283914212705659
 0.5207785560878677 1.363110374623671 -0.5105735518451663 0.006338832158678349 0.8106121736787142 -0.5540358787189031
 0.3712539791307997 -0.88374269981095 0.9904992888398901 -0.007113027040142186 -1.494132949531216 -0.2518743022632355
 0.03383437645017312 -0.1372556813159752 -0.2189023595103047 -0.1671192940712619 -0.2220942562990649 -0.1075701832733937
 -0.08043060322300651 -0.07063430885093738 -0.1690671862594859 -0.3204517711726943 0.2907371362927528 -0.006262081116808291


