# Created by Octave 3.8.0, Sun Sep 27 20:45:43 2015 BRT <marcelomtoledo@Marcelos-MacBook-Pro.local>
# name: w1
# type: matrix
# rows: 10
# columns: 6
 0.1166947492452477 -1.208589014446346 0.8342021538260489 -0.218103670083323 0.766714592962729 0.2896064199036629
 -0.6151897166222757 -1.269143188148518 -0.8855325136455421 0.7989246610291959 0.5828384484874238 -0.5244046800406347
 -0.5715959832495584 -0.1405543704466525 -1.02857190472391 0.8132145163191276 -1.45674199797766 0.27741996531392
 0.0986715640767557 -0.2220996602921067 0.05182752092288732 -0.1588091564731643 -0.5229677147245452 -0.1957677587852836
 0.07097244220108438 -0.3176065810874796 0.1252444392952362 -0.1441062938788304 -0.5027416220379182 -0.326247585925873
 0.3504403958282437 1.475817316410345 -0.3816231143438616 0.5177299327268379 0.8392250117312849 -0.7812693403787525
 0.09231489144543359 0.5432656897330275 -0.2115212482252224 0.08686342858777728 -0.4451826494691151 0.02541644224201755
 -0.02771342800170255 0.9601428745628704 -0.7656405218729117 -0.4327539118724832 -1.496537021653381 1.097761339456115
 -0.04615271473320718 0.01504575437047082 -0.05214193097545093 0.1737344705023097 0.3186609590506825 0.07688767384397681
 0.04984904088632255 0.3267785841456541 -0.1480374060681846 0.1612151870985832 -0.2509913276644491 0.2029297904014127


