# Created by Octave 3.8.0, Sun Sep 27 20:46:15 2015 BRT <marcelomtoledo@Marcelos-MacBook-Pro.local>
# name: w1
# type: matrix
# rows: 10
# columns: 6
 0.5498156124749199 -0.7996458409584164 1.526286850521148 -0.7997873508846145 1.840648382729336 -2.312295247986514
 0.3898173489439837 0.916938815893898 0.1380110706839563 0.166885388477624 0.0320201115368273 -0.4357878101182445
 -0.4393170143124914 -0.4359199191837321 1.585750986111208 -0.6280272722789091 1.416875062478219 -1.136333734611303
 -0.1046644550592504 0.01073447440961001 -0.3285158032151945 0.08790270785083891 -0.01709093360510969 0.370034397298723
 0.03017061112305792 -0.03668397063069137 0.1392308747701698 0.009963931953414674 -0.0640902907659511 -0.01286369973019797
 -0.01144020938241154 0.1123790648035057 -0.2705121058021793 0.2353109134251577 0.4756947234702398 0.09997176248109235
 0.8504573984179384 0.5540947337935281 -0.7215390939778851 -0.1904069446717035 -0.04709626185219958 -0.7934855024810491
 0.09708260824208993 -0.1238081062074521 0.2037674196256375 -0.1978712430072484 -0.1772915308582595 -0.1031225105241642
 -0.2453372835282958 -0.04439458000998143 0.06102730440424178 -0.1582004965254899 -0.0386337696921347 0.09886836074074862
 -0.05783755981173624 0.1875737888003643 0.02871410690538629 0.1075846719499886 0.6018030935348221 0.221615948015639


