# Created by Octave 3.8.0, Sun Sep 27 20:46:31 2015 BRT <marcelomtoledo@Marcelos-MacBook-Pro.local>
# name: w1
# type: matrix
# rows: 10
# columns: 6
 0.1545890984287007 0.1378500761794399 -0.4814428536236474 0.5647540806842489 -0.0115886153095718 -0.1078972077585256
 -0.1370783470351194 -0.08883177311769945 0.3575326965852516 -0.5492959757303629 0.02963755022141757 0.2790962633246187
 -0.4616935126547681 -0.1348859852497635 -0.4738251741226743 0.3699224226948964 0.5391831827818573 -0.3764183423415216
 -0.06273160447124825 -0.119019709001015 -0.3192386666746798 0.0730430772446566 -0.2632149900309124 0.4631119791893838
 -0.4936788233218513 -0.5071713005076283 -0.1304503317822698 -0.3913907199679166 -0.926928543349227 0.6300937444083096
 0.7118773941377895 0.0915830029855027 0.3474742329564607 -0.1562546581421166 1.415184575915545 -1.591409634730532
 -0.1529275937828817 -0.2186432289644281 -0.1956590153735799 -0.1815252581489969 -0.7164849075898838 -0.193774013799262
 -0.4623272183730191 -0.06656032800811269 -1.469689928601212 1.151166328300406 -1.908214194379207 1.041317127835547
 -0.1311924325335355 -0.2268798516642681 0.4668030818040735 -0.4514840534927654 -0.01216992794433666 0.1229763847325764
 0.1831180085381374 0.07822764068454703 -0.260519568653906 0.0685751905909104 -0.04595606159173891 -0.03257590070555514


