# Created by Octave 3.8.0, Sun Sep 27 20:46:44 2015 BRT <marcelomtoledo@Marcelos-MacBook-Pro.local>
# name: w1
# type: matrix
# rows: 10
# columns: 6
 1.692563150544495 -1.195762685956853 0.3448125209859205 -0.119511886655128 0.9637875876818176 -1.700551562383701
 0.1158118192342401 0.03852331569962971 0.06493443377868724 -0.08518294155545852 -0.02551525093402304 -0.02931882817919549
 0.395551091381458 0.1180072493221778 -0.1690165249477225 -0.02281121970554935 -0.1345458398057283 -0.1854698895449984
 0.8548198777669925 -0.2466762324072042 -0.5223665547907986 -0.1491027205785381 1.678876579648158 -0.8610524874366614
 -0.645496073021153 -0.1103428185020551 1.653700050413421 -0.3763478445122064 -1.832096053525082 1.386323448108986
 -0.1489107052104205 0.08617709718379575 0.08287985485703583 -0.03068695686690477 -0.04119674543878413 -0.04777990281454107
 0.7310337015831676 0.580863744746505 -0.2985400447211783 0.20157198285831 -0.4074168326840289 0.3633661218945382
 -0.4945256076525661 -0.166558277052338 0.189580339216942 0.1092330228599616 0.2816017455588244 0.1978174509500248
 -0.9346158444904442 -0.5159009343021003 0.6243110130491197 0.2294209001031433 0.8331909135344071 -0.951439850811201
 0.03508294832232368 -0.1130020426018873 -0.2240246165535052 -0.03778899044110635 0.09072308362570045 0.1090924354091662


