# Created by Octave 3.8.0, Sun Sep 27 20:47:01 2015 BRT <marcelomtoledo@Marcelos-MacBook-Pro.local>
# name: w1
# type: matrix
# rows: 10
# columns: 6
 -0.2587157004172308 -0.06627988250090476 0.3037255832236172 0.2124811474889154 0.2378606285193798 -0.06828611819880495
 -0.1818626811468654 -0.1114949510580254 -0.2390153686260315 -0.153414603758382 -0.4044812775253656 -0.05914470192874205
 0.1193195162363845 0.09421503676167969 -0.1108994243432181 -0.1122696292806464 -0.1221852762739772 -0.1190251019339621
 0.1607159593318582 -0.2674776487415639 -0.9742406535240328 0.3928397688319456 -1.250813692344044 1.918081217097087
 -0.2485514494881314 -0.2017036036062169 0.3612266063448764 0.259032478840574 0.3100174048579867 -0.04476637417735459
 0.1796155793174867 0.195669135553636 0.09709300109407493 0.1866680857098871 0.08985616646793908 0.1902565213754693
 0.7274921125528444 -0.07159115337062803 -1.759716343231356 0.2025377050595726 -1.913194264140013 1.69200533641968
 0.4372506460175029 0.6037729415107995 0.8365082212720282 0.3757619293036476 1.486735160560418 -0.02244124057380301
 -0.8071374846775 -1.089951962335211 -0.4066710886919416 -0.3905304154593793 0.1721703126835847 -0.03891801176332459
 0.1574831266345314 0.1400710389254506 -0.3404701081057476 -0.2058402402389567 -0.180162773107883 0.1118305283813224


