# Created by Octave 3.8.0, Sun Sep 27 20:40:54 2015 BRT <marcelomtoledo@Marcelos-MacBook-Pro.local>
# name: w1
# type: matrix
# rows: 10
# columns: 6
 -0.2903159913043333 -0.3785986262808735 -0.5354679120594739 -0.5219866007941734 -0.5854034186659084 -0.09961144005065239
 0.3308911939026803 0.3897486151852134 0.6870602987760328 0.7719305143571535 0.7723843320520923 0.00359556932145601
 0.1340837845984963 0.07300249013921027 0.09406707432268011 0.1446186033611566 0.1062359195063744 0.07505177152327114
 0.00325188573634962 0.07947382984834184 0.03897989068461709 0.1451728595892564 0.3366351771553153 -0.007943276013493409
 0.07047468018890209 0.06737838617259372 0.08836988182146684 0.2526081577002666 0.2672053825900489 -0.0008010968372034944
 -0.452546489490903 -0.3590526646374894 -0.484657282175366 -0.7677124562901707 -0.8098379615240275 0.05821925855747123
 0.1896432724365535 0.1787720384408707 0.1417617558370143 0.1811742370389011 0.147507983836728 0.1235873774785224
 -0.2791433737907789 -0.3310557225094499 -0.3449572861090843 -0.3575641071216209 -0.6143065599971329 0.07761781222363595
 -0.1743949036497471 -0.192706862745742 -0.3757210206932169 -0.4573704295889569 -0.3848293164818343 -0.04852789737074789
 0.2163149068391255 0.1988572560716993 0.06430393480338006 -0.0007134795692434619 -0.02514124738408138 0.02964696533959032


