# Created by Octave 3.8.0, Sun Sep 27 20:47:22 2015 BRT <marcelomtoledo@Marcelos-MacBook-Pro.local>
# name: w1
# type: matrix
# rows: 10
# columns: 6
 -0.07080081298788939 -0.1590763656474122 0.05261271447714565 0.2402898455406378 0.3767795391441872 0.0805239420163761
 0.03886183962691268 -0.03668930353251166 -0.03554307793592314 0.06830428632138071 -0.07291487853119287 -0.06508733518252725
 0.03134713087301389 -0.04467097365408598 0.07643029280273339 -0.1389288414388195 -0.1010816192632285 -0.08170975633861553
 0.17496794674321 0.0739116440553374 -0.09120869632235973 -0.06977132117660295 -0.3385714921783648 -0.02117674579569707
 0.1914253815369345 0.0808610965445563 -0.1567449926041521 -0.3455794669732828 -0.631625382337067 0.03779511402958056
 -0.2039478353846536 -0.006129954154767302 0.04079883750814629 0.2681525671737481 0.4047968091374245 -0.04076726110705999
 -0.1774535217264565 -0.02731853860306295 0.1191607120151203 0.3866458337358571 0.5677828345974709 -0.0161584292182983
 -0.02818262945801935 -0.1035913772215414 0.05806550131985391 0.1736828195255427 0.225719230438005 -0.09335194526808499
 -0.07276512716427427 0.06567592653553744 -0.06995642806554531 0.06131458050674782 -0.03486249053849817 0.08671686514086885
 -0.01230100918801593 0.005792804709235976 -0.08479235360931039 0.06851089050102449 0.04638522134382419 -0.09205915610804838


