# Created by Octave 3.8.0, Sun Sep 27 20:42:09 2015 BRT <marcelomtoledo@Marcelos-MacBook-Pro.local>
# name: w1
# type: matrix
# rows: 10
# columns: 6
 -0.01707300696702956 0.07492434149773927 -0.02416745363370257 0.05563615811091378 -0.1419464104435312 -0.07306393966424496
 -0.2650460141237508 -0.3058319385749233 -0.3049924752147706 -0.3061635587164049 -0.2421007298974575 -0.0796414344039251
 -0.2256744562729654 -0.3269573658255922 -0.2366461569467814 -0.2141929944875122 -0.1065581817918618 0.004438125665005323
 -0.136451577783321 -0.2244609104551426 -0.3447593978476952 -0.4585758640096287 -0.5480550823397587 -0.02475125205852724
 -0.01213610766445311 -0.07980162125480128 0.1046392173993197 0.2352419769635469 0.2877931842881933 -0.05861882336173493
 -0.302750120663379 -0.2850979619170507 -0.373649256565754 -0.3681492633517953 -0.3797565102205369 0.05548684730950046
 0.1394399854907045 0.1746297811094301 0.1452773721770965 0.1176336562374576 0.009240366923145782 -0.08513680441669556
 0.0559522910577802 0.2019411897098063 0.2212669405662325 0.2551191310518941 0.3177122794694962 -0.02114982168457909
 0.2339507290057009 0.1167038770902671 0.2619022218658509 0.20634226003385 0.3983110459379788 -0.007194598137500491
 0.07187436089821472 0.1622912885871547 0.09064823227985824 0.2289587229841426 0.1599206486102296 -0.02685885988748372


