# Created by Octave 3.8.0, Sun Sep 27 20:44:03 2015 BRT <marcelomtoledo@Marcelos-MacBook-Pro.local>
# name: w1
# type: matrix
# rows: 10
# columns: 6
 -0.08960065314358644 0.06037897365051714 0.07546532192851135 0.01727008129113311 0.05874194873945669 -0.07997988971854139
 0.07740326526789369 -0.03836611308064014 0.06959419738363315 -0.111424093017964 -0.1104863242850168 0.04162712094120136
 -0.1494593923078636 0.03879447361243896 -0.03854702923018071 0.2164934000538412 0.3716529730604499 -0.02895439028313012
 0.03990586951344811 0.08704684356996184 -0.09352037376484076 0.01339894407999579 -0.1729901489880271 0.08042602772210443
 -0.03900212693356039 0.01136533898968854 0.009207531298412515 -0.07501228372661198 0.04848435932232885 0.06393248508383222
 0.2283111882735764 0.04956190300011686 -0.03856799358491985 -0.2289836574970301 -0.3696253167306229 -0.02987878419544942
 0.09068021195693095 -0.09509060995529153 0.007928479195750163 -0.1150324879043395 -0.09731613435436853 0.02474365844575313
 0.08316792341755018 0.02060008542910452 -0.06214771910017264 -0.1440045402721662 -0.2412127038801935 -0.0547738039697581
 -0.131616786053829 -0.01153545239754884 0.07197456837650103 0.1440134651535912 0.4274035474282565 0.09033608685659809
 -0.2932312094734556 -0.05569553704773249 0.1338032656803411 0.3412504948946464 0.5518367348165457 -0.02560467980827992


