# Created by Octave 3.8.0, Sun Sep 27 20:44:34 2015 BRT <marcelomtoledo@Marcelos-MacBook-Pro.local>
# name: w1
# type: matrix
# rows: 10
# columns: 6
 -0.9760505944687637 -1.005707493765064 0.392972269462546 -0.2652882880743592 0.8383258803435342 0.8857020653447966
 0.1253348787701786 -0.1625308789058838 -0.04048289170612789 0.003538644572575488 -0.0275497097691258 -0.01051941021142761
 -0.03464795073938497 -0.08722380411485767 -0.08759919297400573 -0.01197872390293288 0.02004271161796287 0.07584153768746627
 0.6093703377993744 -0.3174986461003291 1.228475037328226 -1.072993754821869 1.846467260492744 -1.093994510569813
 1.403766682936807 0.07390990615900514 0.959358260252629 -0.8790323513250176 1.267731940838403 -1.942305199671973
 0.2019170995865799 0.1187526171879916 -0.03556661333715458 0.3209631006814921 -0.2376721903724067 -0.1246529142233801
 0.5319583352111409 1.347849313326024 -0.5010090561133317 -0.004520035161432848 0.7758693282571407 -0.5296545464760263
 0.3379189342797859 -0.8635488809415602 0.9829949143622991 -0.001903931926027118 -1.484662075653026 -0.267605880838295
 0.03779945585368398 -0.1351372635327728 -0.2185796560248443 -0.1685800125798591 -0.2212776140924832 -0.1064064365465154
 -0.0909570758560633 -0.07624474988099057 -0.167311200381516 -0.3121017610423736 0.2913055799474626 -0.009862705913421437


