# Created by Octave 3.8.0, Sun Sep 27 20:45:40 2015 BRT <marcelomtoledo@Marcelos-MacBook-Pro.local>
# name: w1
# type: matrix
# rows: 10
# columns: 6
 0.2741242845310983 -0.7402095452326213 0.631227984345978 -0.3705686260904675 0.3361629448748542 -0.03236754225463974
 -0.4944329020682842 -0.3302215126216256 -0.6644285083191457 0.2963084431000509 0.2336396218706416 -0.1345154924129248
 -0.7497025598573837 0.03987468060266381 -1.172302932032745 0.4053994704185608 -1.181843323314575 0.4001482688101682
 0.08669615344143237 -0.1589254885422794 0.05095324288091273 -0.140432203013447 -0.4430729233115905 -0.1024663604580162
 0.05101624334393746 -0.200278438367487 0.1222243743472735 -0.1160807580534848 -0.3483987223729189 -0.1788458252722408
 0.04261813712783125 1.024665365871192 0.04705091754233838 0.6421348368459642 0.3020158174200004 -0.3960474803464406
 0.01107663443632494 0.3648088120705664 -0.1826085028576569 0.07167051334877396 -0.3989070895385503 0.01494469336593729
 0.3198060127307184 0.2249367533968408 -0.4395522587749473 -0.02137300156825463 -1.651815858662372 0.6160772533159228
 -0.02863825871022572 0.04287174348637716 -0.04248598610718848 0.1786427100990804 0.3233112099865457 0.09745849639141441
 -0.00807467164977302 0.2755266689942983 -0.1501457888865118 0.08580541438781646 -0.2499958200380897 0.07064314939030764


