# Created by Octave 3.8.0, Sun Sep 27 20:46:11 2015 BRT <marcelomtoledo@Marcelos-MacBook-Pro.local>
# name: w1
# type: matrix
# rows: 10
# columns: 6
 0.7483333535592323 -0.2319039891031459 0.3434180719232814 -0.141322225072799 0.5396985791301601 -0.7893937002356164
 0.2785410189436064 0.152228038116797 0.1425721308398992 0.03046424542821317 0.1185141504459629 -0.2051887302048723
 0.622676404121039 -0.1699569979774404 0.4134085095179784 -0.2698129071691923 1.688083862726292 -0.6071450040036444
 -0.3458897030777471 0.05156467080196975 -0.1922706507526596 -0.03524567302062949 -0.1094328481857323 0.3138468061627586
 0.2100921828002203 -0.07544723346658469 0.1189071539334948 0.1116344256541031 0.05413495489035136 -0.05589261853085403
 -0.1786685302687716 0.1070995885233283 -0.2180425901970691 0.1124482996308413 0.1174986584308015 0.06442343945400156
 -0.02884958995879756 0.2118329189081651 -0.09069473851814859 -0.03781425788670646 -0.2708681411554878 -0.08025867752015499
 0.3412321891663153 -0.1414623998930154 0.1351742932902404 -0.05949794024948846 0.01221759809051474 -0.1449625121899643
 0.01689152065128072 -0.09177357663375722 -0.01406629634674416 -0.008190950675448214 0.2449830728382318 -0.0002758306208557757
 -0.09870763739272177 0.1416514956335181 0.01710134113240819 0.04778845510062004 0.3532214820274063 0.175184727189433


