# Created by Octave 3.8.0, Sun Sep 27 20:46:26 2015 BRT <marcelomtoledo@Marcelos-MacBook-Pro.local>
# name: w1
# type: matrix
# rows: 10
# columns: 6
 -0.1051173509008941 -0.02823860207866563 -0.08422133495288939 -0.08000053208102599 -0.02717883924703246 -0.01357344074833632
 0.1181594010015583 0.05061495163464668 0.02366050279904499 -0.01474921699592161 0.03305278415755009 0.05226030926661684
 -0.07512912412344916 -0.02476028065301447 -0.1214296570249724 0.06651918126362076 0.4364979452478904 -0.01767542100969852
 -0.07394788486663505 -0.1669104538689452 -0.08975028680473858 -0.158500561381149 0.05419374255711358 0.03223800017227247
 -0.2639313073230912 -0.2556215497648187 -0.2983941455661892 -0.08850547793077895 0.3887496728621203 -0.04224102553705365
 0.1593833953614716 0.09806200517461409 0.1322264219982748 0.1073424947330577 -0.1220750700399116 0.01061383739540663
 -0.003912366346193193 -0.008361233977002473 -0.1056419853438518 -0.2046445228444567 -0.5002439986021199 -0.03550015492377392
 -0.01007837608132373 -0.2430876041921702 -0.2557618845407026 -0.4393723617006771 -0.943381014200203 0.2433850783213314
 0.08166289107573516 -0.0269840935610506 0.1293548414439004 0.1394261691258796 -0.07837571824948382 0.03981855498255949
 0.06943898371684221 0.01171569104351797 -0.187110491733905 -0.1870106538354311 -0.1471476226478543 0.0159738221598257


