# Created by Octave 3.8.0, Sun Sep 27 20:46:39 2015 BRT <marcelomtoledo@Marcelos-MacBook-Pro.local>
# name: w1
# type: matrix
# rows: 10
# columns: 6
 0.1418520498941419 -0.02590276445463523 0.03854890913316796 -0.1287896300657771 -0.2138887956180686 -0.02717474068834935
 0.02911339091230994 -0.03687468755398156 0.04602372960314972 -0.1389334647223897 -0.02286935045379866 -0.001474445755192827
 0.002861813428743462 -0.05149982692312245 -0.09240763074084762 -0.1267511270713314 -0.21526071056202 -0.09070410183240192
 -0.04240678006516425 0.1080943044276718 0.1480709932153507 0.2607207649000918 0.390273462618504 -0.04194074430492151
 -0.1119047856237043 0.01211335807335628 0.03264506048760388 -0.02351444991504607 0.1254702472082669 0.02249559477060705
 -0.005822678712941325 0.0791112908769605 -0.00969303785835038 0.05742842292076739 0.1495708942566136 0.01933653150883561
 0.06561238725207474 0.0006084714398583296 -0.0366907873198199 0.03640211084463674 -0.1720853072641403 0.03856688856163916
 -0.02649813385751113 0.08193874187549804 0.0552757832956027 0.1495265462799153 0.1976671707186173 -0.001199497111126774
 -0.07770621557671963 -0.03393738345450546 0.02665459205602554 -0.1037519701959629 0.01998985595623363 -0.08830526106109744
 0.05234255426963647 0.0271139958032485 0.01148898605750003 0.1582287914323846 0.05433181867315923 -0.07039970902259776


