# Created by Octave 3.8.0, Sun Sep 27 20:46:56 2015 BRT <marcelomtoledo@Marcelos-MacBook-Pro.local>
# name: w1
# type: matrix
# rows: 10
# columns: 6
 -0.04371609620516818 0.03837381425665178 0.137358619072396 0.002165595873868598 0.03995695614387312 -0.09321017793168689
 -0.06103652361313577 -0.02663394559596145 -0.1559258049699469 -0.1762834314806598 -0.2569398351890997 0.05480951771834707
 0.07256352847048082 0.09903390679945887 -0.04764326472587288 -0.03528430165864601 -0.04873810490492481 -0.0411378831430964
 -0.2134647247566444 -0.1979528294237258 -0.2579512782383543 -0.04855052973792347 0.4231253588371282 -0.07185676163680733
 0.06934895483587779 0.01411446521555876 0.1393379472615714 -0.004798327209581234 0.006277348175449838 -0.04195551952593408
 0.1048679104471567 0.06130507326784263 0.02868182627944844 0.06264192568055348 0.1035955209198805 0.08249675521530861
 -0.04500021036037891 -0.2915767874111283 -0.2561292313349169 -0.4512077070055573 -0.700046302592035 0.002870444949095893
 0.1776239733748904 0.08657517547817467 0.2428267520607953 0.1798201835869056 0.3548683075664187 0.002250499799074416
 -0.1320691169195821 -0.2746728084111475 -0.1969649615540472 -0.2282760352921614 -0.304816056763923 -0.001260370302219936
 -0.145000185081079 -0.09149295039933986 -0.03533885464340102 0.08494194240848056 0.213605173848658 0.08897681625670603


