# Created by Octave 3.8.0, Sun Sep 27 20:47:02 2015 BRT <marcelomtoledo@Marcelos-MacBook-Pro.local>
# name: w2
# type: matrix
# rows: 1
# columns: 11
 0.02467492797333178 0.01305673410856363 -0.01550575900634452 -0.0933189380664575 -0.06582651846984139 0.0942570985250881 0.06886446772475713 -0.09627141550725804 0.08096826027889301 -0.0122468587049681 0.04574387237760869


