# Created by Octave 3.8.0, Sun Sep 27 20:38:51 2015 BRT <marcelomtoledo@Marcelos-MacBook-Pro.local>
# name: w2
# type: matrix
# rows: 1
# columns: 11
 -0.07468305626549374 0.09617253110957713 0.01871198152653437 0.01252123822716082 0.02568713563257061 -0.09134083292452319 0.03072074748679149 -0.05978160012993731 -0.05436033952502143 0.01829167035774515 0.05275787144964816


