# Created by Octave 3.8.0, Sun Sep 27 20:41:00 2015 BRT <marcelomtoledo@Marcelos-MacBook-Pro.local>
# name: w2
# type: matrix
# rows: 1
# columns: 11
 0.00283437134264744 -0.06661859586142282 -0.05847333207261633 -0.0756021204738011 0.02830115899575511 -0.0849599139985103 0.03426908965720821 0.05200127186700701 0.05827985898303975 0.03338094213277709 -0.03112340588563094


