# Created by Octave 3.8.0, Sun Sep 27 20:42:14 2015 BRT <marcelomtoledo@Marcelos-MacBook-Pro.local>
# name: w2
# type: matrix
# rows: 1
# columns: 11
 0.08104206902745989 0.005264904562878425 0.07622487017037372 0.001362311501739599 0.02117255040275792 0.02709967909904912 -0.08743410081192576 0.03080867565686615 0.03672052732536596 0.01891710075580606 0.009547250691787412


