# Created by Octave 3.8.0, Sun Sep 27 20:44:09 2015 BRT <marcelomtoledo@Marcelos-MacBook-Pro.local>
# name: w2
# type: matrix
# rows: 1
# columns: 11
 -0.008090460785236481 -0.03039985822468066 0.002125097749012969 0.0972509367899286 -0.01481630060115338 -0.03490836335595003 0.09881224067963698 -0.01387357857735089 -0.07199242713183364 0.04117662356629842 0.0519051675085351


