# Created by Octave 3.8.0, Sun Sep 27 20:44:35 2015 BRT <marcelomtoledo@Marcelos-MacBook-Pro.local>
# name: w2
# type: matrix
# rows: 1
# columns: 11
 -0.04845050037644866 -0.01687262588094371 -0.07593635719960316 -0.05245483772805505 -0.0504423802429257 0.07426823085367459 -0.01553619457455188 -0.06637765572947574 0.05178639966207865 -6.069168014849469e-05 -0.09818287363625157


