# Created by Octave 3.8.0, Sun Sep 27 20:45:43 2015 BRT <marcelomtoledo@Marcelos-MacBook-Pro.local>
# name: w2
# type: matrix
# rows: 1
# columns: 11
 0.05406614910172983 -0.002176507205563089 0.08732438530670081 0.04330897286135899 -0.04557375852037332 0.08216803233912148 -0.04887014276560717 -0.07198437473408476 0.06167978024655871 0.07965137512787931 -0.05821887041315291


