# Created by Octave 3.8.0, Sun Sep 27 20:46:15 2015 BRT <marcelomtoledo@Marcelos-MacBook-Pro.local>
# name: w2
# type: matrix
# rows: 1
# columns: 11
 -0.08162436010726845 0.04345803785189792 0.09049606604977253 -0.09645628997991147 -0.0104948813436668 0.06066183671182565 -0.08658921512561403 -0.07104379520823487 0.04464687797641903 -0.08881729313819302 -0.009119022022677031


