# Created by Octave 3.8.0, Sun Sep 27 20:46:31 2015 BRT <marcelomtoledo@Marcelos-MacBook-Pro.local>
# name: w2
# type: matrix
# rows: 1
# columns: 11
 0.005572973576762591 -0.02303672943138611 -0.07669033940917014 0.03315630283457399 -0.04273342644417441 0.03934272031313552 0.0395142396257418 0.04335399787041211 -0.06175571082400039 0.09482486718047489 0.06785492507826751


