# Created by Octave 3.8.0, Sun Sep 27 20:46:44 2015 BRT <marcelomtoledo@Marcelos-MacBook-Pro.local>
# name: w2
# type: matrix
# rows: 1
# columns: 11
 0.01524351961306118 -0.03756069842060431 -0.0007149463001867307 -0.03191200700083183 0.0195584629999747 0.02469117741778488 -0.08186232652092057 0.06935746272112453 -0.07934048305113778 0.0004275593454110826 0.03400418338174882


