# Created by Octave 3.8.0, Sun Sep 27 20:41:00 2015 BRT <marcelomtoledo@Marcelos-MacBook-Pro.local>
# name: w2
# type: matrix
# rows: 1
# columns: 11
 1.501066447011955 0.4539273806745546 -0.3267367357050943 1.37526674074634 -0.8801291564703958 -1.242635514731549 -1.265811651708752 -0.8923869784258271 -0.5521648330221506 -1.409356661686499 0.1781332886338088


