# Created by Octave 3.8.0, Sun Sep 27 20:47:27 2015 BRT <marcelomtoledo@Marcelos-MacBook-Pro.local>
# name: w2
# type: matrix
# rows: 1
# columns: 11
 -0.328861842982722 0.01876349389301876 -0.06394818353792488 -1.570435184456245 -1.163344137660468 1.296570672181589 1.107325133204893 -0.8983993865753975 1.450336799524568 0.4996944374605577 -0.2230896636318234


