# Created by Octave 3.8.0, Sun Sep 27 20:42:14 2015 BRT <marcelomtoledo@Marcelos-MacBook-Pro.local>
# name: w2
# type: matrix
# rows: 1
# columns: 11
 -0.5100828505945718 0.6202027897331714 1.224881312918673 -1.185632901319513 0.9572280890985975 -0.6002113736306492 -1.145305227425981 0.2119945193889951 0.9775197377525041 0.4440443553802422 -0.3040102852659183


