# Created by Octave 3.8.0, Sun Sep 27 20:44:09 2015 BRT <marcelomtoledo@Marcelos-MacBook-Pro.local>
# name: w2
# type: matrix
# rows: 1
# columns: 11
 -0.2751070432478104 -0.1850331702212638 0.1554205258688628 -1.076819423675782 2.335827928986685 -0.222369662762224 0.3149208543515558 0.8187269930972191 0.9905459508355208 1.688665126264007 -0.4966167371873315


