# Created by Octave 3.8.0, Sun Sep 27 20:44:35 2015 BRT <marcelomtoledo@Marcelos-MacBook-Pro.local>
# name: w2
# type: matrix
# rows: 1
# columns: 11
 -1.325874699334487 -0.01431889802943749 -0.07092041990876179 1.954644457696773 -1.713067328583195 0.4316012954666415 -1.522960338618377 -1.42183563745162 0.1648701866435722 -0.4230467649136029 -0.1787138572700572


