# Created by Octave 3.8.0, Sun Sep 27 20:45:43 2015 BRT <marcelomtoledo@Marcelos-MacBook-Pro.local>
# name: w2
# type: matrix
# rows: 1
# columns: 11
 -1.34612826355777 1.075952990028916 -1.42827583689252 -0.3039931862314069 -0.4572225328608212 -1.192149374345805 0.6912075825898056 -0.9158834694929434 0.03553892197205642 0.5436199619132018 0.9050826849041769


