# Created by Octave 3.8.0, Sun Sep 27 20:46:15 2015 BRT <marcelomtoledo@Marcelos-MacBook-Pro.local>
# name: w2
# type: matrix
# rows: 1
# columns: 11
 -2.492680085968321 -0.6345489951243769 1.933721393478326 0.1426654216695276 -0.1029839551592734 0.4561826726462902 1.166303269924356 -0.2214160643338182 -0.3027308202464674 0.4456087427097072 -0.5483859296800575


