# Created by Octave 3.8.0, Sun Sep 27 20:46:31 2015 BRT <marcelomtoledo@Marcelos-MacBook-Pro.local>
# name: w2
# type: matrix
# rows: 1
# columns: 11
 0.7507444163174831 -0.6901348224547447 0.6504860533768462 0.395517600339301 1.204263612838024 -1.636567650227588 -0.5442544000591759 -2.130879985016097 -0.6758725305689818 0.3045805753307317 -0.1990362394887461


