# Created by Octave 3.8.0, Sun Sep 27 20:46:44 2015 BRT <marcelomtoledo@Marcelos-MacBook-Pro.local>
# name: w2
# type: matrix
# rows: 1
# columns: 11
 -1.733797436107896 0.1026310211924796 0.3553218367623635 2.118939033745172 1.721297577330333 0.04821238194273886 -0.4176415729194966 -0.4612377074437804 1.005355833965473 -0.2284828338984519 -0.5879526282030977


