# Created by Octave 3.8.0, Sun Sep 27 20:47:01 2015 BRT <marcelomtoledo@Marcelos-MacBook-Pro.local>
# name: w2
# type: matrix
# rows: 1
# columns: 11
 -0.5764828112499558 -0.01829206294577262 0.2434146839931696 2.084666664216624 -0.7202614835011588 -0.2768529491505954 -1.652825838295631 1.093096094111257 0.9363696151715479 0.5633669768282262 -0.4453050880528445


