# Created by Octave 3.8.0, Sun Sep 27 20:47:22 2015 BRT <marcelomtoledo@Marcelos-MacBook-Pro.local>
# name: w2
# type: matrix
# rows: 1
# columns: 11
 0.2185224299652375 0.002586902619359004 -0.02015770021123645 -0.4131579925745829 -0.3168842331877129 0.3649940355741091 0.2661845653423436 -0.05910618788128189 0.1758050343372358 0.06558982767776825 -0.008661875733792452


