# Created by Octave 3.8.0, Sun Sep 27 20:40:54 2015 BRT <marcelomtoledo@Marcelos-MacBook-Pro.local>
# name: w2
# type: matrix
# rows: 1
# columns: 11
 0.2824249229863657 0.253908639779599 0.0909906859779205 0.8392099215356353 -0.1070838217696627 -0.2621501939220173 -0.7723290341270942 -0.2599467923129967 -0.3648329162952222 -0.6706716255458014 0.1543133679158581


