# Created by Octave 3.8.0, Sun Sep 27 20:42:09 2015 BRT <marcelomtoledo@Marcelos-MacBook-Pro.local>
# name: w2
# type: matrix
# rows: 1
# columns: 11
 -0.3965757828084723 0.3113720429550701 0.7804324971348741 -0.9949660714959172 0.8099104693251289 -0.02812883967751899 -0.4628656800643201 0.2643981504076069 0.1633402348395574 0.3987799911787463 -0.01143113172127864


