# Created by Octave 3.8.0, Sun Sep 27 20:44:03 2015 BRT <marcelomtoledo@Marcelos-MacBook-Pro.local>
# name: w2
# type: matrix
# rows: 1
# columns: 11
 0.02104221513192009 -0.08114151291296877 0.2565001175781798 -0.09303148862835568 0.08743259269940842 -0.3357069165318822 -0.03348180532823002 -0.1233776127193277 0.2905571563226104 0.4934657320686004 -0.01299223243858104


