# Created by Octave 3.8.0, Sun Sep 27 20:44:34 2015 BRT <marcelomtoledo@Marcelos-MacBook-Pro.local>
# name: w2
# type: matrix
# rows: 1
# columns: 11
 -1.294631348897168 -0.01271084326850853 -0.07160086657896896 1.949862760714592 -1.699684373868711 0.430493275294754 -1.489167967586096 -1.40568285785904 0.1671354628977962 -0.4190844122333284 -0.1736053443100227


