# Created by Octave 3.8.0, Sun Sep 27 20:45:40 2015 BRT <marcelomtoledo@Marcelos-MacBook-Pro.local>
# name: w2
# type: matrix
# rows: 1
# columns: 11
 -1.036078356983138 0.5736029799154203 -1.043706816615575 -0.04411704028347482 -0.129645881464084 -0.9339921923193164 0.5545276155671702 -0.7377646532902692 -0.06537234518439236 0.410111861010091 0.4356630459053839


