# Created by Octave 3.8.0, Sun Sep 27 20:46:11 2015 BRT <marcelomtoledo@Marcelos-MacBook-Pro.local>
# name: w2
# type: matrix
# rows: 1
# columns: 11
 -0.9747377556621921 -0.293920190005846 1.392394493138269 0.4026084018801476 -0.2524489543592592 0.1285738284372915 0.3838560456504025 -0.3191850855131818 -0.2157767185446539 0.00297551578776665 -0.1052461744207334


