# Created by Octave 3.8.0, Sun Sep 27 20:46:26 2015 BRT <marcelomtoledo@Marcelos-MacBook-Pro.local>
# name: w2
# type: matrix
# rows: 1
# columns: 11
 0.1170416361628628 -0.05865932206316796 0.2916483339939786 0.2066324533412796 0.5155137485003134 -0.2598001827397102 -0.2209385255528652 -0.7721803358556401 -0.1793186611188337 0.05190104459311325 0.210078970494527


