# Created by Octave 3.8.0, Sun Sep 27 20:46:39 2015 BRT <marcelomtoledo@Marcelos-MacBook-Pro.local>
# name: w2
# type: matrix
# rows: 1
# columns: 11
 -0.2901380299673713 -0.04186621981824398 -0.1466999152666035 0.5462059283894007 0.2256721299392777 0.0885781283884518 -0.245536790825744 0.2126954871173665 0.1021034984926109 -0.08129879384255648 0.008378720747036583


