# Created by Octave 3.8.0, Sun Sep 27 20:46:56 2015 BRT <marcelomtoledo@Marcelos-MacBook-Pro.local>
# name: w2
# type: matrix
# rows: 1
# columns: 11
 -0.08972518807141205 -0.2297975977525757 -0.07228669699591501 1.07245979576213 -0.2193806497923342 -0.006177942112529073 -0.7613103794345413 0.08863945306264596 -0.009293004630797458 0.4278926517862428 0.03219223641532946


